8946.9,10540.6,8865.65,10986.9,8987.1,12272.25,12733.95,6790.55,16706.6,13342.65,14245.25,15930.7,16393.5,16736.65,19678.4,16046.2,15220.2,16872.15,15371.6,19757.65,19120.55,18555,19731.15,15853.75,18508.4,16710.95,16876.25,16261.8,14960.8,15547,15501,15541,15981.1,12535.95,13860.75,11400.95,13363.9,12877.55,16071.4,15057.6,12736.3,8881.4,9481.85,12809.5,11038.95,10386.05,12050.5
4811.25,4609.2,3543.5,4960.55,4652.2,6344.95,4895.2,3658.55,7875.25,6293.7,5882.45,6790.2,7150.6,7246.2,8519.7,7793,7045.25,6541.3,6671.3,7973.85,8173.4,7688.35,7995.2,7136.85,6772.5,7512.15,5451.15,7369.95,6783.6,5496.45,5577.45,6692.25,7046.2,5577.85,7072.5,5292.2,5547.15,6134.3,6978.8,6898.9,6113.75,4238.95,4522.75,6147.8,4809.55,4935.6,6417.55
3639.9,4016.05,3708.3,4204.85,4432.55,4264,4691.55,4552.7,7352.9,5990.3,6177.75,4644.4,7273.55,6363.15,8662.15,6927.65,6676.95,5714.25,6499.45,7251.3,7645.65,7509.3,8599.35,7626.6,6890.95,8084.55,6908.95,6692.35,7282.75,5361.9,7307.9,5934.9,6750.9,6800.5,5282.45,6288.7,5664,5825.55,6122,6579.4,5891.15,3884.4,4059.4,5029.6,3734.4,3839.05,5279.4
4219.2,4765.4,3395.6,4883.65,4416.25,5583,4546.15,2664.95,7401.55,6586.7,6253.9,5936.05,7092.75,7539,8753.45,7450.85,7074.4,6268.95,5533.7,8058.05,8604.35,7686.35,8613.25,7535.5,7480.7,8194.05,6918.55,7342.5,7091.3,6247.7,7434.7,7250.55,6993.6,6170.65,6335.35,6093.9,5891.75,6196.45,6668.5,6767.9,6565.95,3339.2,4811.4,5751.8,4441.2,4562.05,5844.6
8011.05,7764.95,6344.8,9538.9,8780.8,11074.25,11168,5681.55,14773.65,10875.3,11704.65,13950.65,14030,14129.1,17303.35,13900.35,13161.1,12769.15,14057.5,16993.85,16547.25,14940,16925.1,14248,15604.45,15291.95,11978.5,14201.05,13279.55,12827.6,12155.15,13989.1,14082.5,11235.55,12987.1,8916.15,10881.45,11737.75,13370.05,11948.3,11801.3,7317.9,8061.55,10610,8675.2,8286.7,10987.1
13215.65,13978.55,10779.1,15410.5,12631.35,15675.8,13853.65,7092.75,19774,18656.2,16829.2,17617.65,17489.45,18727.15,22876.2,17119.15,18911.9,17013.75,13464.45,19988.3,21190.3,19719.25,21508.5,19496.45,18172.8,18750.05,16932.75,18350,17901.5,15347.8,19156.05,17005.35,15012.5,17180.25,15374.05,14534.8,17034.7,15370.65,19183.5,18040.55,17601.7,12238.5,12708.65,17646.65,10641.05,13167.6,17602.95
4057.4,4524.95,3980.35,4839.5,4020.55,5290.85,5581.65,2427.7,6812.25,5469.15,5646.65,6281.45,6768.25,6530.85,7549.35,6284.35,6755.45,6878.5,5763,7382.95,7263.85,7119,7491.05,5799.2,6951.5,6641.9,6442.4,6586.4,5769.5,5934.95,6064.85,6429.5,5886.95,5066.7,5663.65,4721.3,5135.05,5293.25,6245.35,6276.1,5032.5,3955.6,3899.8,5440.25,4534.2,4314.9,5128.25
3461.7,3739.05,3683.05,4566.2,3930.9,4552.8,4023.45,3041.4,6419.85,5886.6,5931.75,4769.1,6510.25,6635.1,8047.05,6397.05,6925.4,5395.45,5415.65,7015.65,7480.75,7091.3,7966.3,6855.35,6515.65,6854.7,6027.05,6279.3,6301.15,5619.4,6859.65,5870.1,5331.2,6096.75,6098.15,5742,5914.7,5465.5,5829.85,6257.5,6421.35,2940.05,4223.55,5384.9,3438,4054.9,5094.05
3887.9,4700.4,3643.3,5056,4421.3,5420.35,4682.45,2485,7380.8,6780.95,5995.7,6325.3,7126.7,7006.3,8553.8,7163.55,7102.75,6674.5,5833.25,8222.2,8535.45,7826.25,8683.75,7840.3,7231.45,7987.25,6552.4,7360,6919.35,6287.75,7433.6,6973.75,6596.95,6371.45,6505.65,5958.35,5974.05,6345.4,6454.9,6523.05,6732.25,3938.25,4673,5859.5,4341.35,4399.85,5943.15
3336.5,3335.95,3694.1,4492.4,4146.1,4638.35,4288.15,3793.3,6937.7,5973.75,6421.85,4282.25,7359.5,6825.7,8419,7126.9,7026.55,6120.55,5984.8,6825.5,7572.35,7131.7,8673.65,8082.7,7064.75,7893.5,6741.35,7059.6,6859.75,5562,7112.05,6135.95,6320.05,6730.85,5904.8,5887.35,6122.35,5911.3,5824.95,6671,6289.3,3327.45,4222.3,5229.65,3492.8,3883.1,4780.95
3649,3329.6,3542.4,4269.4,3916.7,4266.85,4109.7,3303.1,6879.75,5761.2,6469.45,4797.15,7045.55,6868.9,8390.35,6892.1,6806.65,5798.1,5590.2,7110.25,7860,7229.1,8506.9,7678.45,6740.2,7662.95,6786.9,6994.85,6612.9,5846.8,7589.75,6097.6,6205.15,6873.65,5998,5997.85,5911.75,5853.7,5765.95,6435.2,6300.35,3366.15,4082.65,5205.55,3424.75,3897.25,4747.9
2543.15,2959.45,2437.9,3000.2,2599.15,3505.9,3329,1547.85,4170.95,3343.25,3414.05,3645.65,4049.6,3801,4497.7,3826,3690.7,3829.8,3348.4,4107.6,4021.95,3895.7,4147.3,3426.35,3821.85,3631.9,3596.1,3659.75,3224.55,3422.7,3382.2,3601.75,3459.15,3075.1,3436.7,2685.85,3277.4,3037.6,3800.6,3782.85,3188.2,2479.3,2351.55,3555.95,2817.55,2811.8,3426.85
3969.15,4884.45,3802.65,5120.6,4652.05,5261.55,4725.7,3252.8,7403.15,6536.55,5979.5,6250.1,7154.8,7406.4,8797.4,7206.3,7335.6,6722.8,5879.45,8186.15,8686.75,7853.85,8772.45,7819.75,6985.3,8146.25,6495.5,7117.25,6463.4,6304.4,7626.3,6747,6515.15,6653.45,6687.45,5790.25,6140.15,6377.25,6514.75,6451.75,6882.5,3733.55,4740.6,5928.15,4239.2,4600.7,5789.9
3566.55,3404.05,3687.1,4440.85,4034.6,4460.75,4224.2,3430.85,6862.8,5926.15,6537.1,4536,7410.1,7178.9,8681.05,7237.4,7087.1,5805.7,5899.8,6869.2,7618.25,7398.2,8680.25,8047.45,6875.75,7657.3,6806.25,7049.1,6875.5,5948.15,7796.8,6483.2,6315.3,6907.2,6170.9,5930.4,6215.35,5883.75,5761.95,6626.45,6404.45,3130,4199.6,5187.2,3495.85,4087.95,4920.45
4482.3,5567.65,4058.6,5685.25,5348.7,5810.75,4810.85,3431,7986.75,7289.8,6590.65,6645.95,7497,7352.6,8985,7451.65,7404.5,6418.05,5336.45,7778.4,8239.55,7381.6,8429.15,7359.65,6913.9,7550.6,6623.2,6825.3,6789.25,6057.1,7222.9,6335.75,6130.6,6373.55,6401.5,6217.45,6591,6687.55,7229.85,6977.1,7360.15,3865.8,4842.65,6330.05,4688.35,5224.75,6786
2822.35,2747.2,2037.05,3060.45,2961.7,3660.05,3628.85,1990.05,4932.5,3820.1,3962.4,4627.25,4691.75,4720.05,5830.65,4647.7,4435.55,4233,4531.3,5408.6,5585.75,4905.3,5641.55,4591.35,5088.1,4925.9,4039.6,4744.65,4236.45,3930.25,4149,4761.25,4611.15,3756.6,4237.75,2844.35,3611.65,3968.5,4535.7,3945.65,4023.8,2443.8,2834.5,3713.3,2981.4,2763.5,3640
3943.25,4462.95,3605.95,5003.15,4367.25,5258.5,4509.25,3059.75,7284.25,6691.15,6084.4,6041.65,7292.3,7426.15,8727.7,7671.5,7456.1,6461.85,5800.05,8130.7,8551.5,7564.65,8678.55,7806.35,7169.9,8133.9,6708.9,7164.8,6431.05,6534.3,7635.2,6479,6699.6,7157.3,6427,6034.45,5926.5,6450.55,6361.8,6545.55,6878.95,3649.9,4602.35,6018.2,4062.85,4440.15,5692
3937.75,4372.2,3698.6,4978.4,4510.85,5169.75,4522.55,3276.9,7202.8,6701.45,5980.95,5679.9,7307.6,7658.05,8576.3,7366.45,7626.9,6279.55,5712.5,7740.2,8275.4,7865.7,8571.5,7883.35,6898.8,7866.75,6836.95,6762.05,6877.85,6364.8,7613.2,6256.85,6615.25,6699.8,6385.2,5872.55,6237,6180.85,6579.1,6657.15,6762.5,3901.3,4667.75,5680.35,4050.8,4404.3,5588.35
3295.35,3281.1,3831.7,4531.4,3943.6,4332.55,4292.4,3313.3,6816.1,5907.2,6355.95,4502.5,7301.65,7072.2,8548.55,6977.8,7106.65,5572.75,5795.4,6703.05,7669.15,7303.6,8662.4,7829.1,6743.6,7466.6,6665,6822.6,6951.7,5921.35,7723.25,6274.5,5870.4,6882,6237.95,5354.9,6181.45,5787.3,5749.95,6737.25,6293.65,3158.3,4468.75,5375.05,3492.6,3983.1,4930.85
3466.05,3421.05,3706.4,4463.5,4030.9,4339.65,4342.7,3272.75,6853.3,5868.75,6213.65,4908.8,7308.5,6969.05,8696.95,7217.25,7074.85,5678.9,5897.9,6543.25,7510.2,7358.55,8774.75,7949,6884.05,7739.85,6507.3,7116.5,7039.85,5932.25,7685.6,6276.65,6146.9,6595.75,6067.65,5916.95,6394.4,5845.1,5797.4,6597.85,6352.15,3257.6,4388.55,5226.2,3427.75,4112.55,4797.4
4197.8,4799,3503.8,4967.4,4564.2,5690.3,4794.05,2553.35,7412.15,6492.8,6366.85,6284.15,6864.55,7204.45,8746.2,7326.35,6801.9,6352.65,5711.85,8074.95,8537.4,7481.85,8577.05,7712.8,7423.6,8044.45,6705.25,7461,6899.95,6209.8,7498,7215.4,6822.7,6272.4,6557.25,6377.6,5823.5,6300.65,6657.55,6672,6669.05,3853.25,4651.5,5642.6,4449.75,4583.6,5728.15
3923.35,4438.3,3638.3,5058.05,4605.7,5115.15,4674.75,3448.75,7232.1,6472.7,6133.85,6023.1,7204.95,7335.15,8787.45,7211.95,7238.35,6440.05,5705.1,7642.4,8191.6,8015.5,8688.2,7765.4,7007.35,7999.15,6812.6,6961.4,6616.7,6039.55,7543.1,6426.95,6607.9,6895.85,6608.75,6065.75,6202.75,6208.85,6544.4,6457.1,6809.95,3642.15,4404.25,5796.45,4225,4674.05,5685.8
4967.25,5577.25,3907.8,6064.35,5427.35,6890.55,6690.55,3148.6,9066.45,7840.65,7725.7,8369.2,8592.55,8529.15,11336.65,8891.4,8921.5,8187.7,7921.1,10730.9,11314.6,9399.35,11350.35,9838.15,9425.3,10153.5,8653.6,9513.95,9807.1,7149.3,9501.2,9018.7,8518.5,7352.05,8622.55,6667.85,7849.95,7544.25,8554.15,8547.2,8033.65,5100.2,5349.1,6961.25,5346.25,5159.2,7006.15
11296.55,10804,7737.9,10731.5,11265,14805.35,11444.25,6356.95,17704.15,13954.8,12684.8,15008.45,14256.85,16494.95,18622.65,15623.65,14235.25,13185.25,14249.1,16065.7,17013.9,14472.4,16056.1,14288.55,15103.65,15327.3,12506.05,14830.5,14090,11537.8,13546.25,15221.15,14560.35,12549.4,14094.45,11993.65,12864.6,13165.9,15502.15,15310.2,14129.8,9276.55,10107.65,13848.45,10743.3,10019.35,15413.55
3969.1,4495.7,3521.85,5104.1,4535.1,5354.35,4420.45,3333,7383.95,6620.35,5741.8,5741.05,7110.9,7546.5,8784.05,7660.4,7351.65,6604.25,5532.6,7983.6,8585.8,7745.55,8680.6,7769.85,6854.65,7863.6,6678.5,7131.55,6828.7,6475,7659.95,6695.35,6721.2,6952.7,6775.6,5830.55,5936.3,6248.05,6403.6,6599.45,6803,3749.15,4639.4,5861.05,4134.85,4432.5,5675
3133.2,3214.4,3153.4,3865.6,3787.1,4041.85,3823.65,3481.3,6208.85,4979.65,5517.9,4211.65,6484.65,6135,7485.45,6255.8,6007.45,5068.65,5342.65,6019.9,6721.85,6135.4,7489.1,6919.05,6202.5,7001.5,6099.05,6025.8,6362.1,4867.55,6639.2,5336.2,5472.95,6111.1,4699.4,5446.65,5324.15,5011.75,5266.6,5983,5533.65,2898.6,3637.5,4595.25,3225.25,3528.1,4377.95
3497.45,3333.45,3586.45,4477.15,4185.5,4470.7,3966.85,3339.8,6900.15,6010.7,6486.9,4708.25,7083.35,7078.55,8561.65,6994.25,6925.45,5674,5630.6,7187.95,7601.55,7333,8412.1,7775.8,6852.9,7354.6,6350.05,7171.05,6687.3,5672.25,7637.85,6150.4,6224.05,6835.95,6165.8,5692.25,6110.05,5862.8,6007.9,6521.15,6238.85,3512.75,4277.65,5231.6,3619.1,4144.95,4791.7
4973.85,4860.9,3444.9,4954.85,4658.9,6278,5185.4,3774.95,8122.65,6587.7,6030.45,6907.3,7347.25,7260.55,8703,7980.3,7339.8,6551.05,6810.65,8051,8044.85,7678.25,7935.05,7442.25,6933.05,7373.85,5315.2,7540.8,6704.75,5597.3,5645,6570.5,7174.6,5512.3,7035.4,5320.45,5683.25,6480.3,7108.65,6867.6,6042.05,4363.8,4635.4,6171,4913.7,5083.2,6506.85
12025.55,9979.8,8240.5,11180.05,11426,14132.55,11612.85,7893.65,17905.45,14984.8,14420.85,15441.3,15904.05,15720.35,18506.95,16294.2,14784.8,13572.6,13878.05,17004.35,16564.4,14480.15,15999.75,14632.45,14915.05,15053.75,11463.6,14867.8,12351,12650.75,10729.45,13438.75,14238.85,10731.2,14634.15,10682.2,12052.9,12775.55,15715.4,15263.95,13682.45,9752.6,10309.2,13467.65,10466,11624.65,14898.9
3378.15,3401.15,3779.5,4593.55,4036.5,4322.7,4093.25,3293.4,6754.7,5848.1,6025.05,4948.35,7142.15,7030.9,8477.4,6872.85,7236.6,5523.45,5661.5,7220.8,7903.65,7511.65,8706.85,7815.85,6715.15,7736.25,6426.05,6940.55,6803.5,5984.1,7631.2,6215.3,6168.95,6956.3,6096.6,5692.6,6210.95,5550.3,5987.55,6671.8,6402.55,3285.05,4231.75,5335.2,3295.8,4097.75,5110.05
3880.75,3908.3,3260.5,4587.9,4264.15,5561.15,5223.05,2481.6,7041.65,5598.8,6022.65,6475.3,6871.3,6314.15,8614.35,6939.35,6970,6592.65,5814.7,7930.2,8535.25,7841.85,8673.55,7625.6,7387.4,7638.15,6390.5,7140.7,6821.2,5742.45,6700.85,6912.6,6355,5897,5685.95,4093.65,5902.35,5627.9,6454.5,6104.95,5727.45,3831.75,3789.25,5539.1,4082.7,3925.15,5232.55
10506.4,9912.2,7121,10477.95,9580.9,12487,9465.75,7470.65,15581.55,12748.55,11524.5,13427.45,13520.35,13229.65,15434.3,14463.65,12840.25,11558.05,12126.45,14419.5,14372.1,13791.2,13940.1,13082.75,11682.65,12739.25,9296.15,12832.8,11875.15,10332.95,10018.15,11973.95,12562.1,10588.2,12448.35,9827.5,10751.8,12303.25,13441.05,13491.4,12121,8565.2,8456.85,12677.95,9976.75,10495.5,13624
4038.9,4821.9,3799.65,4964.95,4825.4,5220.1,4607.15,2895.6,7284.7,6614.5,6103,6306.8,7155.05,7146.4,8720.45,7331.7,7290.4,6808.5,5586.1,7937.6,8385.1,7988.7,8556.3,7679.9,7045.55,7857.4,6443.2,7215.4,6830.2,6246.5,7401.6,6690.85,6401.7,6436.75,6803.7,6261.65,6037.1,6076.45,6748.6,6544.05,6753.25,3716.2,4612.2,5715.4,4240.95,4619.7,6019.2
3379.25,4496.8,3302.5,4616.2,4003.6,4890.8,4084.55,2532.65,6482.3,5942.15,5612.15,5688.85,6381.1,6175.65,7856.1,6413.65,6403,6076.1,5059.25,7242.05,7610.85,7162,7596.75,6833.45,6523.6,7093.5,5900.8,6482.55,6142.9,5661.9,6579.55,6034.15,5678.2,5514.05,6151.1,5468.95,5421.75,5450.45,6099.75,5922.75,6248.55,3478.55,3991.55,5100.45,3659.9,4153.55,5261.55
3385.2,3559.85,3228.5,4122,3754.95,4372.5,3902.45,3125.35,6579.9,5702.55,5907.25,4730.5,6291.9,6957.2,7953.3,6526.8,6546.55,5358.95,5331.65,6397.15,6981.8,7095.35,8039,7113.55,6189.65,7227.6,6216.35,6491.4,6165.2,5363.2,7069.3,5525.3,5774.95,6589.65,5892.5,5500.05,5595.1,5464.9,5657.2,6078.4,6036,3178.6,4117.25,4930,3509.4,3913.8,4887.4
4016.2,4101.6,3450.9,4636.6,4128.55,5179.2,4945.65,2537.8,6263.7,5053.55,5215.15,5551.7,5903.7,5588.2,6762.5,5854.9,5559,5477.45,4999.1,6172.8,6158.95,5839.5,6199.8,5305.8,5722.1,5464.8,5098.95,5582.1,4873.35,4973.05,5067.7,5574.2,5014.1,4666.6,5035.15,3882,4944.05,4494.3,5761.25,5613.75,4609.2,3789.45,3402.1,5112.65,4309.05,4236.85,5290.95
3751.05,4239.8,3568.3,5101.1,4559,5178.9,4413.8,3210.85,7185.9,6389.25,5883.4,5845.7,7138.95,7492.25,8733.2,7388.95,7491.35,6268.55,5647,7803.2,8669.15,7773.7,8811.05,7813.6,7149.2,8069.15,6874.6,7216.05,6815,6185.35,7601.65,6373.75,6607.05,6680.25,6652.9,5794.85,6129.8,6415.5,6388.1,6384.1,6731.15,3785.15,4657.3,5989.6,4102.15,4549,5707.75
2768.4,3420.35,2565.35,3667.95,3338.7,3797.1,3106.8,2136.95,5093.3,4752,4393.2,4617.2,4976.7,5158.55,6302.8,4977.8,5299.95,4724.45,3912.6,5898.45,6073.1,5193.3,6313.8,5638.2,5234.8,5658.45,4832.45,5025,4973.1,4475.8,5314.95,4674.4,4628.95,4636.9,4258,4258.75,4676.6,4501.15,4654.65,4671.2,4977.85,2734.25,3306,4164.85,2830,3433.2,4110.6
3869.9,4448.35,3893.55,4939.25,4703.65,5090,4202.1,3561.1,7106.95,6984.95,6032.75,5817.45,6827.35,7243.65,8697.8,6843.2,7558.1,6181.5,5982.6,7739.75,8353.15,7856.65,8783.7,7609.65,7163.25,7789.8,6683.9,6042.35,6848.8,6195.55,7598.85,6348.8,5964.25,6277.2,6017.95,5966.15,6475.2,6428.85,6547.85,6753.8,7077.45,3343.6,4566.45,5948.75,3739.45,4437.45,5610.2
3417.15,3460.2,3757.9,4607.05,4017,4299.7,4064,3124.55,6590.05,5895.4,5908.4,4865.8,6903.95,7308.8,8565.1,6710.95,7216.4,5643.15,5818.1,7111.15,7956.75,7568.75,8810.75,7722.05,6709.1,7684.75,6414.1,6957.4,6926.75,6061.4,7471.6,6438.15,5890.2,6544.85,6083.6,5706,6277.65,5711.95,6067.55,6446.45,6556.25,3125.9,4660.65,5500.65,3446.1,4189.15,5286.5
12139.4,12682.65,9758.65,13916.9,12143.8,14910,11782.8,5970.15,18003.3,16267.7,15193.45,16059.6,15489.05,16327.65,20780.85,15133.8,16667.85,15324.3,12165.9,18505.5,19214.4,17816.95,19531.85,17435.35,16521.9,17286.85,14754.05,16438.75,16222.45,13986.15,16615,15290.15,13597.15,15168.9,13764.25,12329.45,15723.45,13825.4,17608.4,16467.55,16038,11500.15,10510.5,16235,10088.95,11872.95,15941
3683.8,3925,3535.55,4157.85,4436.6,4271.9,4507.7,4245.8,7344.1,5951.9,6227.5,4877.85,7511.25,6458.15,8726.25,7190.7,6547.55,6024.05,6552.9,7159.15,7852.85,7429.8,8648.95,7847.85,7180.25,8201.85,6807.6,7047,7364,5798.1,7278.95,6197,6991.25,6921.65,5629.8,6234.4,5759.1,5683.2,6232.15,6491.5,5890.65,3566.6,4039.15,5154.9,3980.35,3825.15,5257.45
4589,4839.2,3545.9,5585.5,4989.5,6094.85,5381.4,3248,7648.25,6438.3,6565.4,6908.4,7082.45,6875.55,9043.85,7394.75,7151.2,6693.5,6255.85,8079.2,8581.05,7818.15,8501.75,7826,7758.1,8170.05,6984.6,7348.1,7417.8,6165.85,7456.4,7050.2,6955.85,6124.8,6538.6,5211.75,6212.4,6277.45,7163.25,6717.75,6471.85,4600.5,4295.15,6124.65,4320.45,4669,6272.8
3471.05,3457.3,3716.5,4497.35,4031.7,4227.65,4431.55,3620.8,6798.55,6181.55,6283.15,4284.4,7391.05,6987.6,8528.25,7262.8,6865.5,5826,6033,6661.75,7525.75,7321.75,8622.35,8077.45,6706.2,7848.95,6589.75,6823.3,6874.35,5597.6,7505.5,6423.7,6175.55,6606.85,5986.15,5591.3,6006.8,5911.95,5691.35,6722.85,6218.1,3389.8,4216.55,5269.35,3372.3,4007.6,4813.1
6450.65,7337.4,6145.7,7668.55,6459.2,8975.7,9006.1,4179.65,11836.55,9300,10552.4,10726.1,11820.95,11843.6,14182.5,11300.1,11842.45,12556.25,10981.4,13866.5,13773.8,13270.65,14251.75,11344,13246.7,12493.7,11670.9,12403.5,10226.75,11088.2,10406.05,12099.75,11202.85,8915,10383.15,8522.5,9684.15,8922.9,11070.05,11003.5,8881.1,6674.8,6555.05,9375.8,7124.75,7056.9,8333.55
3945.2,3934.6,2984.4,4707.65,4461.45,5482.35,5117.55,2689.95,7107.05,5969.05,5669.15,6395.75,6973.65,6581.65,8753.7,7106,6993.1,6205.65,6585.1,7913.7,8614.6,7840,8667.1,7410.15,7758.5,7726.15,6128.7,7450.3,6880.4,6008.25,6987.7,6941.45,6550.55,5572.55,6435.15,4560.7,5978.4,5788.75,6625.15,6393.7,6297.15,4167.15,3846.9,5204.65,4031.65,3985.05,5371.15
2961.05,3396.55,2714.15,3592.05,3446.05,3820.65,3162.6,2221.25,5178.1,4599.4,4491.45,4697.05,5102.5,4985.5,6336.9,5141.8,5196.9,4716,3922.45,5786.75,6110.65,5274.9,6152,5449.2,5277.95,5546.6,4775.55,4940.45,4990.35,4205.5,5328.75,4566.9,4440.45,4484,4539.7,4269.4,4534.7,4527.15,4891.35,4722.6,4884.85,2567.85,3130.7,4214.65,2817.3,3411.95,4031.25
4308.35,4308,3569.55,4888.6,4187.5,5139.6,4437.55,2249.9,6462.8,5906.2,5530.95,6000.55,5882.45,5754.5,7966.1,5853.05,6719,6537.95,5050.05,7085.05,7747.8,7234.65,7939.6,7160.05,6625.85,6953.6,6263.8,6576.4,6737.65,5734.25,6511.5,6089.25,5479.7,6083.3,5363.25,4454.85,5866.75,5019,6313.2,6262.3,5737.95,4236.6,3938.45,5783.45,3672.45,4140.8,5462.75
4779.65,4575.65,3429.75,4728.8,4787.95,6242,5066.1,3569.95,8019.3,6342.5,6011.3,6886.65,6953.55,7456,8578.7,7681.85,6969.25,6481.45,6806.45,8184.2,8060.15,7353.15,7881.6,7236.45,6919.25,7574.5,5577.9,7115.85,6625.95,5361.1,5706.65,6979.5,7071.3,5852.65,6785.65,5366.25,5594.75,6304.55,6962.65,6825.8,6102.15,4375.7,4359.9,6169.7,4666.95,4893.05,6414.75
3910,4363.55,3802.05,4913.2,4575,5004.9,4207.6,3149.55,7101,6835.55,6427.2,5619.5,6929.75,7277.8,8783.45,6670.4,7499.3,6009.9,6031.95,7733,8346.9,7618.35,8867.15,7748.5,7263.9,7594.9,6481.9,6284,6774.65,6132.6,7594.8,6396.55,5851.7,6003.35,5900,6409.6,6371.9,6335.45,6571.5,6828.75,6993.8,3427.55,4473.45,6114,3723.9,4470.95,5687.2
3877.05,4830.7,3766.05,4991.9,4597.25,5103.45,4462.15,2974.2,7273.1,6378.5,5885.1,6345.75,7119.45,7341.25,8753.85,7371.15,7400.4,6941.65,5472.6,8383.7,8488.7,7830.65,8612.05,7825.5,7379.9,7828.35,6606.85,7203.65,6578.15,6283.6,7380.6,6563.9,6616.6,6917,6556.85,6078.15,6305.55,6115.85,6503.65,6502.15,6801.1,3684.05,4569.7,5937.2,4309.8,4565.65,5922.05
3723.15,3478.4,3762.55,4530.25,4217.4,4312.75,4154.4,3655.95,6915.25,5764.5,6415.95,4497,7401.25,7036.05,8651.25,7280.45,6921.2,5795.55,6047.45,6669.4,7557.2,7217.8,8517.7,8086.2,6868.7,7868,6618.75,7045.4,6853.85,5809.45,7547.1,6319.6,6521.5,6584.8,5916.75,6018.95,6061.9,5938.95,5936.85,6771.95,6252.8,3302.85,4355.3,5447.85,3451.6,3963.75,4812.35
4953.25,4467.6,3163.5,4512.6,4711.5,6210.7,4965.4,3704.6,7926.75,6411.65,5858.45,6811.3,7195,7255.7,8814.15,7748.2,6867.55,6571.25,6747.8,8039.85,8092.9,7509.35,7997.9,7451.5,7154.4,7376.2,5571.9,7296.95,6734.05,5586.6,5562.2,6908.7,6954.1,5726.7,7061.8,5132.05,5597.35,6121.6,6903.2,6859.65,6073.6,4375.25,4413.4,6062.1,4764.5,4784.25,6371.65
3621.3,4790.85,3626.85,5060.1,4630.6,5205.5,4664.1,3077.15,7234,6491.1,6520.55,6364.6,7214.4,7161.35,8759.55,7369.1,7427,6648.6,5683,8192.9,8438.05,7695.45,8546.55,7636.2,7165.45,7667.5,6536.25,7497.15,6817.65,6662.3,7560.7,6603.45,6724.45,6399.5,6683,6046.3,5997.4,6040.5,6360.5,6455.65,6875.4,3703.9,4522.25,5678.1,4214.1,4650.15,5892
3972.65,4712.15,4130.85,4726.75,4004.5,5200.9,5516.3,2443.3,6827,5616.6,5828.2,6063.2,6580.7,6624.1,7590.1,6601.25,6669.4,7027.45,5621.7,7319.4,7333.15,7058.7,7429.5,5757.85,7040.95,6604.75,6429.35,6575.85,5731.15,5985.2,6127.4,6340.6,6102.6,5228.9,5498.8,4663.7,5167.8,5342.15,6137.75,6172.1,5205.25,3903.65,4020.8,5554.75,4585.25,4415.65,5046.3
3947.25,4838.6,3441.75,4954.25,4778.7,5438.5,4706.15,2911.45,7420.6,6781.95,6227.85,5905.45,6992,7385.15,8804.8,7237.6,6967.2,6331.35,5549.45,8167.6,8508.6,7653.15,8620.55,7665.75,7216.2,7839.25,6788.05,7318.5,6936.85,6192.5,7360,7138.85,6596.55,6392.05,6279.2,6025.85,5819.6,6378.7,6719.05,6772.35,6497.65,3964.8,4726.55,5973.5,4210.5,4559.5,5741.85
3966.8,4580.7,3745.2,4917.4,4688.45,5243.6,4856.85,3162.9,7257.95,6428.6,6111.25,6251.2,7236.8,7158.9,8795.9,7226.45,7380,6658.65,5642,7842.1,8340.6,8115.65,8677.6,7785.35,7179.9,8019.65,6556.1,7042.4,6543.8,6193.1,7498.2,6232.4,6456.65,6902.4,6660.45,6233.1,6261,6179.8,6635.55,6436.7,6696.85,3716.45,4397.2,5795.75,4247.45,4525.5,5820.55
3589.9,3554.65,3369.1,4146.15,3993.8,4491.5,3792.1,3055.9,6550.1,5769.6,5908.75,4772.15,6374.25,6884.85,7924.95,6342.75,6692.3,5220.1,5359.25,6723.5,7206.8,7276.55,7905.65,7199.6,6021.35,7140,5956,6323.55,6246.8,5562,6902.75,5719.35,5701.15,6582,6080.1,5508.75,5564.8,5397,5662.15,5995.55,6163.25,3186,4198.6,5051.7,3460.1,3952.95,4897.2
4243.75,4451.7,3441.35,4845.65,4019.8,5026.8,4292.5,2448.4,6512.95,6133.5,5790.75,5904.05,5902.2,6307.8,8035.9,5689.9,6562.8,6229.8,4845.6,7212.25,7881.1,6976.65,7890.15,7235.3,6641.1,6709.1,6172.2,6566.3,6658.45,5396.9,6599.1,6107.4,5274.7,5690.9,5047.75,4740.35,5981.9,5172.8,6398.75,5933.6,5919.2,4217.15,3961.85,5691.65,3521.2,4253,5399.65
3972.15,4548.6,3732.75,4990.85,4574.6,5233.6,4540.55,3118.05,7198.75,6611.8,5828.75,5747.4,7194,7458.6,8698.5,7410.3,7365.1,6401.1,5842.5,8218.3,8592.75,7536.85,8858,7900.5,6936.1,7965.1,6632.55,7021.1,6435.8,6244.6,7683.45,6325.55,6554.15,6675.8,6426.7,6019.3,6197.15,6285.55,6367.3,6562,6674.2,3872.5,4567.65,5965.8,4173.2,4551.35,5658.2
2706.5,3092.8,2762.65,3505.45,3102.55,3622.35,3201.6,2573.4,5181.8,4531.95,4447.15,4140.65,5227.35,5279.6,6224.3,5157.55,5242.25,4424.95,4134.95,5667.1,6040,5513.55,6283.75,5393.5,5090.25,5540.25,4784.35,4719.85,4740.75,4241.7,5437.25,4674.3,4334.3,4560.95,4521.25,4333.6,4342.8,4423.4,4562.95,4796.9,4866.75,2409.05,3484.05,4126.7,2916.25,3269.75,4280.5
4540.45,5033.6,3678.05,5375.05,5021.25,5789.55,5163.75,3130.6,7477.3,6613.35,6320.55,6707.85,6938,6907.65,8792.4,7354.05,7053.1,6763.55,5692.2,7888.3,8554.9,7774.05,8553.4,7844.45,7708.45,8112,6689.15,7490.6,7491.45,6147.15,7347.9,7006.3,6663,6261.8,6465.85,5195.7,6166.5,6183.3,7173.5,6725,6412.45,4506.05,4101.85,6244.5,4315.9,4555.5,6204.65
3560.85,3278.95,3854.2,4490.25,3966.65,4301.15,4216.9,3960.4,6858.05,6076.8,6160.1,4282.85,7350.45,6656.3,8576.05,7022.55,7030.5,5450.25,6020.75,6471.2,7501.15,7254.25,8632.75,7959.15,6751.95,7673.9,6724.35,6882.6,6913.8,5812.5,7328.95,6245.35,6186.75,6576.6,5915.95,5804.3,6179.55,6120.35,5601.45,6698.35,6145.4,3307.65,4199.9,5114,3528.65,3845,4851.6
3312.05,4355.6,3259.95,4616.55,4003.1,4790.75,4105.05,2692.55,6461.35,6136.6,5670.7,5907.25,6332.9,6355.65,7843.85,6455.7,6551.45,5935.85,4821.85,7194.15,7613.15,6919.7,7801.9,7122.15,6206.3,6954.4,5982.5,6628.55,6354.2,5829.4,6352.75,5819.2,5746.4,5484.6,6064.15,5487.35,5341.1,5595.55,6122.3,5909.7,6225.55,3254.5,4038.15,5185.65,3778.05,4205.25,5359.85
4659.5,3982.15,3255.15,4587.35,4733.05,5654.7,4898.35,3272.4,7479.2,5793.45,6003.95,6524.95,7017.55,6792,8393.4,7606.75,6681.35,6266.9,6411,7772.35,7716.6,6871.9,7431.1,6947.25,6964.3,7013.95,5298.5,6783.3,5714.85,5676.45,4777.85,6491.6,6704.95,5149.15,6643.1,4619.4,5387.05,5678.05,6830.95,6407.2,5756.3,4259.45,4310.75,5559.55,4521.6,4676.95,5915.4
3761.85,4055.2,3924.75,5087.55,4405,5029.65,4253.7,3367.6,6965.55,6564.35,6329.4,5403.1,7077.95,7259,8690.3,6792.15,7538.65,6302.1,5986.6,7675.8,8289.25,7462.65,8615.1,7438.35,7161.05,7608.6,6669.7,6639.05,6605.7,6105.95,7704.6,6512.15,5503,6185.4,6245.05,6202.75,6535.8,6278.65,6657,6890.9,6944.3,3245.3,4711.3,6046.9,3572.8,4419.95,5494.3
4175.3,4881.65,3507.55,4938.3,4711.45,5506.4,4943.2,2461.7,7500.65,6633.65,6132.95,6202.6,6993.25,7346.65,8660.4,7399.7,7193.95,6457.85,5952.5,8176.9,8608.25,7671.8,8590.05,7953.3,7488.15,8150.7,6797,7508.2,7111.75,6348.25,7379.65,7583.95,6956.5,6002.95,6541.95,6108.35,5833.25,6517.2,6500.9,6577.05,6760,3680.5,4722.2,5912.95,4415,4599.95,5779.35
4852.6,4744.35,3411.2,4627.9,4800,6306.2,5321.75,3569.05,8046.7,6357.95,5927.35,6978.15,7327.75,7250.55,8626.55,7784.3,7042.55,6687,6944.9,8227.5,8133.4,7839.7,8089,7426.75,6901,7464.8,5418.8,7162.65,6472.1,5577.9,5536.25,6551.5,7180.65,5741.15,6761.8,5293.75,5813.7,6314.35,7018.65,6882.1,5978.75,4354.05,4625.85,6360.5,4683.3,4869.75,6453.15
7057.5,7302.75,7292.2,9741,9062.5,9468.6,9005,6022.35,15158.95,13492.1,13780,10564.75,15800,16423.5,19664.25,13944.75,16987.85,13779.5,12927.2,16756.55,18504.6,17613.55,20163.55,16825.95,16562.9,17488.15,15426.1,14088.65,15546,13658.4,16425.95,12907,11980.55,12835.5,12684.2,13249.4,13480.7,12845.85,13348.6,14701.45,14465.2,6428.9,9484.85,11883.05,6771.1,8127.45,11089.85
9400.85,8811.85,7162.85,10068.9,10373.25,12210.35,11348.75,6276.75,15547.65,11300.6,11833.25,13250.25,13621.3,13703.45,16072.6,12939.15,12660.15,11610.75,12094.6,14031.7,14246.15,12673.9,14302.35,11851.9,13564.45,13249.95,10889.85,13249.8,11818.15,10931.75,11257.9,12825.6,12712.25,10752.9,12391.55,9378.95,10231.55,11752.35,13655.35,12256.35,12041.35,8271.65,8998.65,11975.05,10286.3,9381.05,12966.4
6768.55,7274.4,6256.5,7792.25,6541.65,8947.7,8653.2,3953.55,10627.2,8495.2,8603.9,9205.3,10017.9,9456.3,11311.25,9699.05,9340.3,9910.7,8175.4,10417.75,10058.85,9963.55,10451.25,8814.5,9471.85,9172.75,8722.6,9117.4,7896.1,8073.75,8243.2,9251.8,8216.2,8007.65,8457.15,6856.85,7940.15,7696.85,9312.7,9948.1,7552.75,6274.95,5675.5,8626.5,7114.9,7063.3,8362.85
3096.05,3450.1,2537.5,3742.8,3301.9,3878.75,3698.55,1980.4,5015.2,4726.1,4402.55,4677.85,4695.05,4564.9,6065.7,4739.15,4918.05,4459.4,3895.9,5518.25,5786.7,5135.5,5953.5,5337.3,5263,5422.05,4629.9,5157.85,5283.9,4120.45,5048.2,4748.5,4443.35,4227.2,4699.15,3887.75,4477.05,4225.2,4868.35,4576.9,4443.7,3003.65,3155.05,4385.15,2857.55,3069,4208.85
4625.4,4004.85,3356.85,4415.35,4367.65,6015.55,4913.15,3516.45,7539.55,5868.85,5932.95,6485.35,6802.4,6974.25,8493.05,7526.1,6679.9,6312.95,6109.1,7769.35,7778.7,7076.05,7617.15,6707.6,6839.2,6888.05,5173.35,6452.4,6061.75,5345.45,5089.95,6471.45,6564.9,5588.05,6447.7,4548.5,5279.65,5659.65,6787.25,6436.45,5686.45,4409.5,4301.2,5608.15,4610,4534.4,6103.65
13677.95,12731.6,10255.15,13707.55,14980.6,19249.2,16459.35,9306.25,24720.9,19383.9,19264.55,22473.3,21823.8,24550,28948.9,24309.75,22881.25,20638.55,22658.7,27250.9,28882.25,23308.75,27438.25,22737.15,26235.2,24781.95,19357.05,24325.55,23687.6,19194,20855.5,24746.95,23164.9,18891.1,21950.05,17520.5,17987.75,19889.95,22675.7,21047,20363.25,12073.05,12405.75,17869.05,12952.95,13093.15,18383
4079.7,4942.2,3499.65,4898.45,4825.5,5604.95,4799.05,2776.25,7476.05,6764.55,6176.55,5878.45,6961.85,7216.4,8845.05,7589.4,6937.35,6231.1,5492.7,8159.75,8566.35,7561.3,8554.05,7922.85,7151.45,8134.75,6994.85,7437.45,6893.1,6159.85,7421.6,7238.95,6729.7,6284.85,6610.55,6273.65,5757.4,6388.45,6602.85,6695.8,6794.25,3703.4,4481.5,5849.4,4312.45,4601.6,5595.4
3998.65,4404.75,3595,4979.55,4521.1,5191.1,4374.2,3636.3,7327.55,6718.1,5941.05,5845.85,7423.7,7535.2,8783.4,7482.1,7370.2,6224.85,5715,7898,8192.35,7891.65,8769.35,7882.6,6653.7,7813.15,6716.75,6683.4,6617.2,6302.4,7909.25,6556.85,6487.25,6693.65,6455.3,6174.9,6163.45,6160.5,6145.85,6606.6,6697.95,3606.05,4703.45,5897.05,4054.55,4555.65,5730.9
4733.05,5401.25,4063.15,5801.45,5301.6,5777.7,4721,3466,8106.7,7176.85,6595.75,6428.1,7243.35,7662.5,9026.8,6995.25,7331,6275.8,5728.6,7752.4,8177.25,7562.2,8683.5,7612.1,7189.15,7597.6,6492.9,6532.9,6586.95,5754,7239.1,6159.35,5989.7,6430.65,5895.55,6095.45,6460.2,6898.25,7179.25,7144,7513.9,4076.4,4946.75,6728.75,4289.4,5353.6,6684.7
3550.75,3388.45,3481.35,4274.05,4069.75,4321.15,4389.25,3541.35,6871.5,5925.25,6433,4489.7,7189.15,7469.9,8316.9,6727.1,6974.95,5516.1,5695.4,6527.25,7531.8,7391.55,8402.8,7738.45,6590.1,7267.25,6531.8,6878.8,6791.9,5754.45,7662.85,6062.8,6193.2,6781.3,5791.9,5930.1,5833.1,5872,5780,6499.3,6258.25,3386.7,4185.65,5191.75,3713.25,3933.3,4767.8
4621.35,4912.85,3474.85,5425.3,5213.05,5838.3,5542.45,3018.75,7574.65,6629.65,6377.35,6858.9,6879.35,6892.85,8936.95,6964.1,7242.95,6525.7,6397.25,8043.8,8699.4,7784.3,8581.7,7793.5,7867.9,8204,6981.4,7649.4,7445.95,5883.55,7299.8,7222.55,7077.55,6383.05,6901.45,5089.85,6332.65,6242.75,7086.5,6633.7,6502.6,4219.75,4280.95,5994.4,4595.25,4588.5,6216.15
4611.2,4295.55,3302.25,4687.25,4567.75,5907.65,4922.45,3538.8,7560.9,6369.8,5892.6,6426,7074.15,7061.8,8381.8,7681.5,6753.3,6487.6,6438.4,7808.6,7995.4,7102.05,7790.75,7026.95,6799.65,6990.35,5112.55,6735.75,6457.75,5507.85,5082.45,6273.55,6541.65,5326.45,6717.7,4907.95,5389.3,5819.5,6633.6,6431.3,5545.5,4259.45,4250.9,5855.7,4695.95,4578.25,6168.2
6920.5,6903.55,5493.25,7833.6,6744.6,8074.9,6997.15,3629.05,10004.8,8700.75,8331.4,8923.95,8448.35,8709.95,11474.7,8309.9,9405.85,9068.35,7194.45,9966.75,10784.2,9799,10858.85,9873,9109.7,9472.7,8521.75,9092.6,9225.65,7805.05,9035.3,8538.95,7875.5,8669.6,7443.9,6521.6,8785.85,7461.55,9465.5,9411.25,8657.25,6420.6,5903.6,9141.65,5609.3,6736,8871.25
3233.1,3107.15,3782.45,4600,3929.9,4155.95,4286.55,3662.45,6739.1,5446.1,6101.25,4457.05,7257.45,6848.95,8580.3,6672.7,7172.05,5829.4,5727.55,6196.2,7612.9,7443.75,8571.2,7773.3,6789.2,7507.25,6696.05,6805.25,6466,5938.6,7730.2,6463,5999.75,6581.9,5879.65,5774.85,6159.45,5779.3,5294.25,6680.45,6267.8,3101.75,4159.9,5336.95,3347.9,3963.6,4700.75
4003.8,4637.95,4020.15,4648.05,3842.65,5283.15,5369.1,2513.65,6719.7,5421.85,5726.1,6154.75,6685.75,6413.5,7513.45,6530.5,6593.5,6962.7,5527.35,7329.2,7302.2,7073.75,7368.6,5732.2,6842.3,6506.05,6403.75,6538.5,5678.7,6036.45,6018.65,6380.1,6080.25,5076.4,5538.5,4742.45,5232.55,5280.9,6393.15,6234.8,5299.35,4074.7,3938.35,5358.65,4607.85,4353.45,5174.85
2721.35,3030.85,2692.75,3632.35,3108.65,3589.75,3183.6,2483.7,5112.3,4516.15,4495.7,3929.1,5041.9,5294.55,6268.3,5136.4,5448.35,4421.65,4204.4,5573.3,5800.6,5509.6,6300.8,5440.4,4939,5671.95,4762.7,4691.45,4767.4,4274.2,5579.7,4558.95,4371.5,4772.1,4482.65,4419.1,4547.25,4229.6,4625.3,4821.25,4968.15,2504.6,3341.85,4256.6,2742.55,3154.35,4209.8
3273.45,3301.5,3823.5,4616.1,4028,4436.05,4429.75,4064.8,7038.3,5728,6083.2,4320.4,7357.95,6437.45,8589.45,7033.9,6946,5773.25,6216.5,6670.3,7528.65,7079.45,8654,8024.2,6879,7808.2,6930.65,6841.2,6892.1,5809.25,7637.45,6429.9,6269.45,6634.45,5627.75,6053.2,6074.8,6100.4,5675.15,6768.05,6248.3,3284.05,4312.45,5294.7,3360.45,3711.2,4880.95
3564.2,4373.6,3507.15,4563.8,4306.65,4633.35,4160.2,2617.6,6563.3,5938.3,5433.65,5711.9,6615.95,6301.75,7881.8,6697.05,6505.5,5958.65,4953.2,7271.8,7451.05,6952.55,7722.8,6868.2,6283.05,7008,6120.15,6148.3,6070.85,5545.5,6531.45,5737.55,5808.65,5806.3,5794.55,5495.2,5440.45,5747.1,5962,5838,5948.5,3226.85,4271.45,5151.55,3875.25,4215.1,5236.9
3845.1,4563.35,3658.95,4918.6,4734.1,5134.55,4532.7,3187.9,7181.3,6415.85,6203,6300.65,7246.95,7149.6,8787.35,7518.2,7339.25,6633.05,5662.1,7873.1,8483.6,8061.15,8654.65,7705.65,7361.95,8029,6823.6,7026.35,6712.75,6217.05,7428.65,6377.35,6553.3,6288.85,6681.8,6266.8,5978.15,5947.55,6626.35,6546.55,6769.4,3689.9,4458.2,5933.75,4093.55,4482.5,5811.4
3686.2,4442.9,3387.6,4659.2,4242.7,4945.65,4223.4,2372.6,6533.85,5845.4,5528.7,6052.5,6469.05,6211.5,7943.65,6654,6515.95,6160.2,5059.1,7630.15,7584.5,6908.2,7673.2,7042.4,6575.35,6967.7,5889.1,6375.1,6194.5,5611.3,6477,6099.35,5736.15,5396.35,5969.25,5404.85,5687.95,5495.8,6018.45,5885.4,5993.35,3543.9,4099.35,5305.95,3816.55,4240.35,5292.1
3209.7,3160.15,3338,3912.2,3948.9,3845.55,3832.45,3509.7,5994.9,5033.05,5514.7,4087.95,6482.8,5996.2,7675.75,6364.4,5949,5151.7,5383.15,6011.9,6681.4,6420.15,7595.35,6997.1,6043.7,7040.25,6142,6224.75,6204.75,4945.5,6418.2,5431.95,5495.3,5953.5,4878.15,5440.3,5311.4,5102.1,5341.1,6041.2,5485.3,2884.6,3775.45,4542.75,3053,3465.25,4355.35
3439.7,4369.7,3445.05,4455.45,4205.1,4814.5,4083.65,2636.05,6529.75,5953.25,5480.65,5570.25,6524.65,6256.65,7916.3,6799.65,6596.05,6025.2,4846.2,7211.3,7578.05,7140.35,7820.95,6888.05,6329.15,7012.8,6137.85,6519.3,6102.55,5813.75,6472.1,5834.65,5941.1,5415.8,6024.8,5664.4,5608.8,5282.1,5898.05,5881.9,5929.15,3247.7,4124.65,5180.1,3796.4,4123.15,5237.15
3275.85,3378.25,2579.3,3794.15,3371.05,3982.25,3655,1908.95,5037.75,4649.75,4490.4,4623.85,4530.4,4613.75,6081.6,4779.75,4916.3,4520.65,3861.75,5567.25,5879.45,5294,5944.25,5324.8,5260.95,5467.9,4629.5,5042.85,5188.4,4096.25,5042.5,4639.55,4421.5,4288.45,4289.95,3939.65,4408.4,4266.25,4945.7,4495.25,4354.5,3198.2,3009.25,4314.75,2760,3194.45,4287.5
4206.4,4432.15,3490.6,4859.65,4097.25,5120,4534.05,2336.05,6502.1,5857.1,5765.3,5940.15,5759.5,6192,7985.55,5733,6789.6,6557.3,4761.3,7233,7740.35,7294.15,7943.3,7067.1,6690.6,6771.85,6147.95,6731.9,6558.2,5548.25,6546.2,6234.6,5484.25,5806.05,5334.45,4365.95,5913.65,5079.6,6403.15,6228.15,5684.1,4425.2,3990.95,5708.8,3340.25,4316.9,5511
3985.8,4417.3,3453.15,5048.25,4477.95,5328.35,4655.45,2895.8,7433.55,6683.95,6124.35,5975.4,6728.9,7349.65,8797.1,7403.15,7147.75,6673.95,5629.5,8335.4,8762.85,7892.1,8758.95,7805.25,7092.45,8118.4,6548.3,7419.9,6653.6,6414.15,7799.6,6706.35,6266.45,6677.7,6320.1,6083.7,5890.3,6374.4,6484.15,6515.35,6915.1,3803.8,4568.1,6067,4461.3,4468.1,5852.25
4090.85,4381.4,3544.25,4853.7,4122,5122.95,4326.8,2363.8,6499.65,5909.65,5772.6,5814.7,5726.2,6156.95,7939.1,6233.7,6755.3,6388.25,4778.55,7349.35,7699.7,7245.85,7914.75,7147.75,6795.9,6902.8,5874.95,6822.85,6800.65,5649.45,6398.1,6119.8,5498.7,5853.3,5308.3,4519.05,5821.65,5118.65,6472.25,5999.6,5660.6,4276.55,3894.7,5655.45,3394.15,4191.35,5447.8
3333.65,3661.6,3600.55,4587.7,3963.8,4408.5,3960.45,2993.6,6374.45,5974.15,5937.7,4813.2,6680.35,6706.1,7919.15,6165,6931,5627.8,5602.9,6916.35,7552.3,7040.25,8140.65,6764.85,6609.5,6902.05,6002.8,6140.9,6333.2,5693.4,7035.65,5850.4,5459.7,5973.15,5601.9,5620.65,5937.75,5465.5,6003.05,6374.85,6458.15,2902.1,4192.25,5384.6,3402.3,3983.9,5157.4
4546.85,4119.7,3161.45,4564.3,4622.65,5817.25,4670.55,3470.35,7515.9,5936.25,5849.1,6558.85,6958.1,6834.3,8203,7648.85,6646.65,6236.95,6271.75,7671.15,7694.95,7071.8,7661.5,6803.1,6690.8,7178.8,5256,6766.65,6188.6,5444.5,4941.25,6446.2,6621.05,5183.2,6540.05,4842.35,5337.25,5954.8,6820.15,6478.8,5799.4,4174.15,4226.15,5720.85,4612.85,4698.05,6066.4
3765.4,3994.1,3219.85,4614.65,4016.8,5180,4734.45,2236.85,6724.05,6084.2,5899.05,6279.5,6306.85,6487.55,8637.3,6712.3,6674.7,6331.15,5358.65,8151.85,8772.35,7362.45,8921.25,7670.2,7575.5,7637.75,6156.5,7241.8,7150.05,5663.6,7323.45,6603.65,5771.75,5614.65,5657.7,4632.55,5968.8,5490.75,6634.75,6032.05,5609.8,4102.15,3888.05,5640.4,3651.25,3832.2,5307.2
3621.45,4295.75,3412.2,4577.35,4222.45,4862.25,4113.05,2756.75,6467.6,5994.95,5645.45,5723,6536.1,6086.65,7802.5,6636.7,6572.25,6146.85,4795.2,7217.55,7547,6953.5,7782.2,6957,6377.05,7075.35,6152.35,6441.9,6376.75,5664.2,6406.35,5734.45,6051.9,5551.6,5683.1,5423.3,5442.3,5678.25,5993,5918.45,5873.7,3133.2,4197.25,5245.8,3879.45,4100.85,5386.9
2950.3,3144.65,3077.6,3851.3,3620.4,3936.55,3941.9,3506.7,6141.8,4953.8,5517.5,3985.25,6497.85,5846.95,7554.3,6257.85,5843.15,5175.75,5346.1,5622.4,6672.65,6363.4,7479.05,6855.65,6123.6,7162.05,6234.3,6112,6270.65,5169.15,6690.65,5330.8,5391.6,5753.9,4723,5446.7,5290.65,5060.8,5401.05,5999.5,5466.4,2746.35,3636.85,4654,3096.55,3463.6,4345.75
4952.85,4527.15,3404.3,4726.3,4701.95,6231.65,4981.25,3491.95,7917.85,6169.05,6085.3,6984.95,6979.8,7507.1,8794.75,7814.35,6857.4,6577.3,6913.2,8007.9,8152.15,7465,8028.3,7394.2,6904.65,7460.3,5649.85,7408.4,6770.35,5597.3,5924.8,7172.25,7166.5,5759.9,6982.4,5516.65,5752.8,6452.5,6915.95,6925.85,6247.45,4554.55,4448.4,6032.9,4654.55,4720.85,6374.85
2768.65,3208.15,2670.25,3475.35,3102.35,3669.85,3301.35,2494.5,5152.6,4653.95,4534.35,4036.25,5210.9,5227.7,6222.6,5476,5385.3,4482.9,4155.95,5719.9,5905.8,5420.3,6276.05,5319.85,5206.75,5499.2,4874.15,4817.7,4994.4,4445.95,5450.45,4673.6,4205.45,4674.15,4628.95,4386.65,4434.6,4370.05,4726.4,4791.65,5096.45,2501,3181.5,4183.4,2824.45,3201.45,4099.45
2844.25,3305.35,2717.15,3567.1,3412.95,3697.4,3164.7,2273.25,5169,4916,4446.45,4302.95,5081.9,5086.2,6304.55,5047.8,5143.75,4629.7,3954.3,5530.75,6052.65,5493.55,6306.45,5515.75,5122.35,5668.35,4785.65,4936.9,5033.15,4289.65,5388.2,4598.95,4775,4364.7,4180.2,4443.55,4507.8,4567.75,4689.55,4632.35,5034.2,2641.45,3055.65,3996.15,2896.4,3287.85,3977.15
3568.15,3590,3334.35,4452.7,4036,4459.1,4177.3,3325,6959.7,6079.6,6270.95,4924.6,6963.6,7261.45,8413.05,6889.5,6896.65,5666.65,5635.35,6916.95,7373.7,7417.8,8477.4,7682,6592.3,7529.7,6504.75,6937.2,6780.2,5672.75,7528.95,6087.9,6103.2,6962.3,6098.05,5915.25,6058.45,5722.1,5788.05,6295.45,6267.4,3375.35,4368.25,5141.9,3783.3,4046.85,4875
3341.15,3132.75,3902.4,4538.9,3928.9,4081.5,4449.8,3537.95,6612.15,5966.2,6043,4474.35,7315.25,7052.35,8662.55,7088.85,7107.95,5659.9,5916.75,6684.05,7419.6,7090.35,8551.1,7887.6,6824.6,7418.25,6825.4,6715.8,6511.45,5728.4,7731.2,6530.85,6187.3,6650.1,5905.55,5541.75,6279.9,5760.4,5556.1,6745.15,6290.5,3342.7,4416.05,5181.65,3500.2,3833.55,4835.5
6767.3,8184.85,6604.35,8654.7,8068.15,8684.65,7189.45,4924.9,11403,11451.2,10146.55,9556.25,11186.95,11727.2,13637.5,10246.95,11486.65,9852.65,8501.95,11633.85,12624.85,11595.65,13078.2,11747.7,10790.85,11109.3,9749.7,9890.55,10126.65,9813.55,11132.55,9956.85,8658.05,9698.85,9537.35,9140.75,9918.7,10194.55,10680.55,10956.15,11197.6,6027.7,7521.7,10153.25,6180.65,7960.9,10043.35
8051.15,8919.25,7483.2,9204.45,7815,10566.15,10041.15,5094.75,12775,10122.4,10212.95,11324.95,11071.95,11504.05,13500.65,11065.95,10911.85,11026.75,10093.45,12063.55,12007,11650.3,12405.8,10386.35,11385.55,10983.05,10923.7,10523.05,9456.2,10310.55,9697.7,11220,10948,9317.1,9948.65,8033.55,9845.25,9287.9,11774.5,11456.45,9702.1,7203.75,7323.4,10453.35,8389.35,8635.5,10159.75
3244.65,3714.55,3722,4505.2,3958.1,4360.95,3854.8,3093.85,6407.85,5832.6,5699.95,4583.95,6533.3,7035.05,8069.55,6361.85,6957.15,5585.95,5607.1,6953.55,7479.9,7215.75,8046.15,7062,6587.35,7124.4,6336.65,6371.65,6547.45,5963.45,7047.7,5827.15,5426.85,6000.55,6031.65,5712.35,5994.45,5439.35,5862.85,6320.25,6365.65,2938.3,4176.85,5227.15,3349.9,3833.75,5054.5
4050.9,4815.05,3677.75,4910.45,4683.4,5231.35,4740.6,3021.6,7289.4,6927,6272.85,6287.85,7168.45,7314.3,8668.5,7308.95,7281.75,6793.15,5736.5,8143.15,8583.7,7821.8,8755.85,7687.65,7125,8046.65,6557.3,7288.95,6561.55,6357.05,7714.25,6661.45,6674.1,6441.4,6533.25,5966.3,5794.2,6434.9,6733.65,6512.8,6835.75,3774.3,4593.8,5972.05,4391.55,4531.3,5722.95
3366.05,4436,3261,4617.15,4231.9,4982,4079.85,2356.5,6488,5774.5,5681.05,5840.8,6343.8,6245.85,7936.45,6593.9,6470.6,5965.95,4695.8,7169.7,7646.55,6795.05,7587.9,6899.9,6108.5,7109.15,6112.85,6415.65,6266.25,5557.05,6406.2,5870.65,5871.4,5658.4,5775.55,5533.2,5396.2,5731.6,5931.75,5839,5959.85,3357.4,4263.25,5228.9,3585.7,4170.4,5295.5
4159.3,4922.3,3408.15,5028.05,4574.7,5303.25,4750.25,2870,7414.55,6641.4,5925.65,5906.3,7046.65,7596.4,8730.9,7506.55,6811.5,6099.65,5730.45,7924.55,8654.95,7754.4,8722.85,7744.05,7312.95,8277.45,6854.85,7302.5,7025.65,6127.15,7520.85,7136.15,7048,6310.1,6837.2,5895.2,5876.65,6126.85,6369.7,6677.55,6510.55,3719.4,4767.3,5902.55,4361.25,4511,5745.9
3751.9,3983.35,3576,4348.95,4377.6,4342,4321.55,4482.2,7415.85,5845.2,6316.05,4615.6,7484.25,6546.35,8579.05,7128.35,6613.65,6056.2,6516.65,7451.85,7567.65,7170.55,8657.4,7738.85,7052.85,8151.15,6810.15,6940.2,7390.95,5504.55,7443.65,6061.9,6541.2,6616.25,5441,6373.55,5677.55,5855.45,6157.4,6519.25,6222.8,3559.65,3814.6,5124.6,3927.3,3919.75,5161.8
4726.2,4873.9,3765,5538.95,4900.25,6010.6,5260.45,3023.45,7496.15,6610.55,6236.95,6773.75,6835.25,6780.5,8821.25,7512.95,6942.3,6728.85,5922.9,7891.05,8621,7866.35,8388.6,7683.65,7942.4,7990.65,6507.95,7270.45,7632.55,5957.4,7173.45,7090.6,6709.65,5989.7,6569.35,4681.6,6164.5,5965.2,7025.85,6731.9,6325.55,4617.5,4209.75,6213.75,4311.65,4478.4,6119.95
2730.8,3029,2671.3,3163.7,2519.5,3365.6,3517.15,1622.6,4234.2,3530.25,3570.45,3738.7,4012.55,3904.05,4501.5,3850.3,3678.3,3820.55,3320.8,4204.15,4140.05,4008.5,4127,3402.05,3888.5,3835.25,3638.1,3596.55,3156.9,3440.6,3325.25,3649.35,3547.95,2961.2,3220.15,2738.5,3172.15,3094.35,3832.95,3842.65,3196.15,2451.9,2509.95,3525.1,3012.65,2779.4,3419.4
3523.6,3505.5,3316.3,4155.25,3838.2,4345.9,3666.7,3104.5,6686.1,5697.35,5827.65,4751.4,6097.1,6804,7828.95,6568.3,6516.4,5224.4,5404.6,6520.7,7017.05,7204.85,7874.4,7172.1,6029.2,7045.45,6004.25,6736.75,6191.95,5404.05,6848,5804.25,5837.05,6367.85,5923.25,5507.1,5565.95,5308.55,5638.25,6003.2,5935.2,3298.25,4145,4866.75,3468.55,4063.9,5057.25
4857.65,4481.85,3530.85,4713.35,4638.7,6135.25,5156.05,3427.3,7929.6,6403.7,6002.05,6786.9,7195.55,7240.95,8672.7,8071.5,6985.2,6743.5,6613.45,7932.3,8226.45,7586.7,7881.65,7419,7013.45,7427.25,5162.35,7290.7,6735,5352.3,5459.3,6613.05,6882.45,5780.2,6682.55,5088.35,5440.2,5957.9,6661.35,6690.8,5916.25,4297.6,4325.2,6073.9,4925.2,4903.85,6250.8
1324.75,1338.4,1125.6,1545.65,1252,1659.6,1462.25,732.15,2056.85,1686.65,1722.7,1768.6,1677.35,1673.3,2285.4,1689.55,1836.8,1812.6,1367.65,1979.55,2118.2,2032.8,2146.6,1863.5,1824.9,1894.95,1643.75,1865.25,1860.8,1578.6,1797.45,1755.75,1571.65,1718.8,1533.65,1167.7,1777.9,1510.15,1911,1856.1,1717.3,1276.45,1149.6,1731.4,1243.4,1406.55,1757.85
4568.45,4915.35,3701.6,5567.85,4973.8,5793,5303.15,3086.35,7429.75,6846.55,6304.65,6774.65,6905.4,6777.75,8888.5,7186.45,6946.35,6936,5609.15,7987.5,8411.75,7737.75,8511.8,7645.4,7610.45,7811.05,6758.35,7425.8,7634.9,5944.65,7211,6777.3,6493.2,6056.35,6086,5324.8,6360.4,5960.3,7140.95,6649.8,6421,4403.4,4397.4,6338.05,4334.15,4489.1,6095
4876.7,4720.55,3462,4524.05,4802.25,6213.5,4972.35,3548.85,7932.6,6210.95,5961.85,6964.7,6987.85,7530.05,8636.15,7473.95,6892.05,6695.55,6710.9,7993.75,8121.65,7401.9,7880.95,7013.8,6617.45,7536.65,5366.3,7077.1,6836.2,5546.85,5994.2,7030.7,7172.95,5639,7058.45,5519.5,5788.3,6038.05,6983.25,6833.9,6097.7,4477.45,4485.85,6147.65,4778.65,4835.35,6474.8
3957.9,4377.95,3647.1,4938.65,4493.65,5008.05,4650.75,3117.85,7187.45,6418.95,5972.75,5953.05,7443.2,7012.75,8662.85,7301.35,7150.5,6611.85,5674.85,8144.2,8393.35,7686.25,8731.4,7847.05,7280.75,7843.25,6707.3,7225.2,6551.45,6005.95,7305.95,6569,6713,6973.3,6641.7,5957.35,6013.95,6179.35,6382.05,6502.95,6672.75,3791.65,4475.9,5939.25,4052.9,4391.55,5682.6
3084.9,3380.9,2524.15,3790.1,3142.55,4036.9,3562.6,1951.95,5076.1,4865.35,4347,4772.1,4598.4,4701.55,6001.05,4722.1,5028.65,4643.6,4045.15,5629.15,5923.7,5163.9,5952.35,5445.15,5393,5661.65,4732.7,5318.4,5076.5,4270,4891.15,4565.6,4515.4,4043.7,4407.7,4061.35,4585.85,4011.05,4900.15,4673.9,4409.35,3032.25,3090.8,4298.35,2847.95,3229.2,4219.2
3985.25,4706,3623.25,5014.35,4504.25,5239.45,4638.3,2954.05,7327.3,6770.15,6100.2,6415.9,7072.25,7304.1,8719.7,7290.25,7157.7,6706.4,5598.7,8124.2,8554.9,7784.55,8740.2,7538.65,6986,7955.9,6426.45,7198.65,6888.35,6295.05,7502.1,7038,6524.45,6384.1,6544,5929.15,5956.6,6494.2,6576.75,6474,6841.15,3848.2,4719.7,5885.15,4362.05,4509.9,5769.2
9266.55,10435.85,8147.85,11302.15,10688.25,12022,11033.15,7458.6,18050,15034.05,15316.9,14710.05,18163.55,17943.75,22800.2,18321.1,18909.65,16261.3,13736.4,20361.85,22280,19822,23191,19922.6,17990.15,20668.8,16881.1,16753,16832.85,15551.25,19221.35,16205.4,15121.55,16114.15,17193.05,14920.8,15945.35,14751.95,16124.6,16223.65,16057.15,8625.75,10660.8,13003.55,9735.2,10062.65,12734.6
4616.1,4896.25,3697.05,5553.65,5088.6,6079.9,5345.3,2919.3,7547.25,6608.45,6657.6,6856.6,6951.1,6758.3,8901.05,7555.15,7189.75,6701,6158.1,8054.3,8633.8,7806.3,8561.2,7915.65,7605.5,8197.9,6791.6,7424.95,7371.1,6103.7,6950.2,7164.35,6707.35,6119.05,6750.65,4702.4,6211.4,6130.6,7207.7,6536.95,6527.65,4257.85,4507.25,6250.75,4295.9,4587.3,6209.45
3967.3,4509.1,3580.45,5093.05,4367.85,5318.9,4577.05,3181.65,7416.65,6677.95,5795.35,6001.9,6875.05,7354.9,8756.3,7424.65,7099.5,6482.1,5892.7,8317.45,8511.45,7832.95,8726.3,7824.95,6763.65,7982.9,6809.85,7194.8,6619.45,6198.45,7493.3,6390.9,6674.2,6835.65,6426.8,5892.7,6044.5,6405.5,6270,6301.2,6734.7,3657.25,4515.1,5912.5,4177.85,4499.35,5719.15
8223.95,8388.85,6137.5,9568.9,8399.2,10287.35,8960.5,5234.45,12506.4,10719.3,10362.2,10640.05,10867.8,10714.35,13903,11387.65,10915,9947.65,9455.85,11790.1,12602.9,11581.9,12545.05,11485.95,11360.25,12155.05,10154.1,11108.2,10713.05,9204.9,11007.55,10706.65,10527.85,9474.25,10167.3,7870.75,9809.5,9703.5,11470.1,10880.9,10463.75,7579.7,7437.65,10333.7,7430.7,8010.15,10748.8
7139.05,6323.4,4950.85,7024,7199.55,8814.3,7226.55,5050.75,11353.35,8934.1,8623.15,9384.65,9659.5,9735.25,11779.05,10354.25,8956.8,8555.55,8739.5,10341.3,10361.9,9190.85,10204.75,8909,9223.4,9549.55,7058.15,9017.45,7672.85,7439.15,6267.75,8477.15,8836.2,7159.35,9111.25,6221,7482.25,7964,9704.85,9585.9,8713.55,6090.85,6162.25,8729.85,6941.35,7416.05,9648.85
2177.3,2601.7,2142,2825,2437.6,2892.4,2542.7,1859.35,3936.6,3495.7,3370.2,3010.15,3687.2,3767,4454.15,3859.35,3756.85,3131.7,2778.3,3908.25,3975.05,3743.9,4250.15,3553.6,3579.5,3832.35,3291.25,3210.25,3406,3027.6,3828.65,3293.6,3007.6,3262.15,3274.1,3171.4,3266.55,3199.4,3531.95,3609.05,3853.35,1969.8,2484.55,3263.4,2200.6,2534.1,3297.2
4787.4,4230.75,3353.85,4467.7,4548.5,5846.7,4757.75,3635.4,7557.45,6322.3,5968.05,6506.5,6736.95,6758.45,8114.8,7563.65,6590.45,6380.15,6461.3,7813.5,7734.8,7258.65,7527.8,6851.05,7116.45,7056.3,5202.9,6657.5,5856.65,5328.2,4996.5,6326.5,6568.55,5162.2,6677.1,4914.15,5211.75,5859.1,6703.1,6315.8,5711,4204.2,4426.15,5615.15,4411.45,4903.45,5986.45
4192.5,4530.65,3788.7,4986.65,4618.6,5163.55,4526,3147.15,7152.15,6448.2,6110.65,5782,7349.1,7570.3,8727.3,7254.5,7240.75,6675.55,5529.75,8051.2,8126.45,7928.65,8697.4,7624.2,7092.3,8031.15,6685.8,6968.75,6717.1,5962.65,7540.7,6576,6588.9,6730.75,6444.3,5871.5,6252.3,6099.15,6528.35,6415.4,6802.2,3655.05,4599.85,5738.65,4009.75,4555.55,5798.5
1459.1,1398.45,995.9,1387.5,1379.6,1777.3,1389.45,1005.65,2245.45,1732.55,1628.95,1870.5,1843.9,1967.05,2255.3,1972.65,1816.55,1618.5,1681.3,2080.95,2052.9,1915.6,1947.8,1750.9,1644.6,1914.9,1335.25,1789.15,1680.05,1398.5,1429.35,1757.7,1822.3,1450.65,1864.3,1457,1487.6,1697.95,1942.5,1866.6,1683.9,1139.35,1293.45,1729.15,1409.6,1465.45,1911.15
4405.3,4201.25,2999.5,4372.35,4081.9,5502.2,4538.75,2871,6818.4,5413.55,4980.9,5567.85,5936.85,5962.75,6908.9,6123,5377.15,5476.95,5291.55,6242.6,6328.5,5769.8,6013.6,5521.15,5435.15,5588.1,3992,5601.3,4958.2,4203.95,4255.85,5333.1,5517.3,4499.7,5593.25,4025.75,4455.15,5111.65,5755.4,5734.2,5045.75,3533.55,3692.2,5276.25,4183.6,4193.7,5756.2
3407.75,3202.85,3693.65,4332.2,4257.8,4289.25,4135.4,3249.75,6646.45,5580.3,6024.9,4797.75,6849.05,7410.25,8340.6,6618.15,6993.85,5637.1,5813.6,7185.05,7653.8,7661.8,8449,7592.9,6506,7855.65,6652.9,7017.75,6867.4,6084.9,7595.45,6312.9,5938.6,6819.15,6162.25,5669.65,6071.55,5544.45,5942.25,6536.55,6443.3,3176,4373.5,5281.5,3379.7,3997.55,5200
3533.8,3382.7,3867.55,4507.05,3930.95,4408.3,4351.7,3878.7,6833.1,5629.85,6355.45,4469.9,7304.75,6777.55,8481.25,7066.6,6975.4,5834.1,6028.5,6559.3,7684.95,7172.05,8561.5,7906.5,7043.4,7877.15,6884.35,7037.8,6724.2,5836.7,7578.55,6350.9,6423.45,6805.9,5945.45,5935.2,6177.95,5905.95,5799.6,6793.1,6263.85,3298.45,4323.6,5089.9,3393.85,3971.45,4878.3
4849.95,4846.65,3559.15,4780.6,4649.75,6152.95,5006.3,3511.55,8005.55,6398.25,5704.3,6875.05,7326.7,6946.4,8435,7885.65,7201.6,6339.3,6854.4,8232.7,7962.25,7784.05,7866.2,7434.5,6609.75,7526.3,5305.65,7511.5,7005.05,5481.15,5770,6352.2,7142.25,5443.25,6890.8,5299.95,5783.25,6093.55,7046.4,6915.35,6130.25,4360.9,4637.1,6244.7,4895.45,4922.05,6514
3765.35,4099.75,3743.3,5069.6,4600.6,5059.75,4611.9,3267.1,7180.7,6632.95,6084.25,5563.15,7206.7,7360.3,8680.85,7067.4,7276.2,6247.1,5861.75,7579.15,8260.45,8016.45,8851.9,7748,7155.75,8099.4,6783.7,6951.35,6793.1,5998.05,7959.5,6646.9,6223.4,6900.65,6655.7,5945.45,6332.55,6300.55,6516.2,6588.4,6829.15,3774.2,4526.1,5768.35,3924.5,4607.9,5777
4149.75,3825.4,2949.65,4276.4,4775,5732.1,5015,2759.35,7543.45,5871,5748.2,6833,6568.4,7477.6,8802.45,7420.2,7051.3,6333.55,7075.55,7962.65,8273.35,6865.25,8415.7,6703.9,7722.2,7424.85,5850.6,7030.1,6795.85,5332.45,6018.9,7392.85,7180.75,5829.8,6647.25,5427.2,5375.1,5922.9,6824.9,6256.7,6203,3860,3801.95,5349.75,3860.55,3843.45,5607.6
5824.85,6922.8,5429.25,7303.75,6581.15,7410.5,5658.35,4120.05,9890,9567.65,8020.15,8331.1,9290.4,9490.9,11431.25,8536.65,9277.55,7964.5,7440.6,10344.25,10222.1,9321.4,10810.1,9614.45,8915,9566,8250.65,8361.35,8317.6,7737.25,9511.3,7804.2,7902.45,8282.95,7272.15,7942.15,8047.55,8784.4,8883.5,8776.75,9232,5378.85,5780.5,8555.15,5571.25,6673.4,8265.8
