1;10.3964;9.9349;9.4313;7.7819;10.0938;11.0297;8.3781;6.0152
1;8.8761;8.6975;7.2204;5.8784;7.872;6.9735;6.5162;5.511
1;19.0185;19.388;20.1758;15.3669;18.9429;19.345;19.3522;14.3763
1;9.9378;10.6282;9.4863;7.579;10.3063;10.918;9.7561;7.2658
1;4.4175;4.6073;4.0303;3.3673;5.0553;4.6812;4.047;2.7751
1;11.3228;9.7143;11.3215;8.3104;11.6331;10.3872;10.4185;7.2885
1;11.7158;11.9345;12.1681;8.7313;11.4941;11.4226;11.8134;9.7195
1;10.9663;10.4922;10.5258;9.4759;11.0125;11.5516;10.9814;8.1575
1;12.546;12.0219;13.267;10.1706;13.0007;12.1288;12.6333;10.7317
1;17.7818;16.9288;14.4238;11.5574;16.3966;15.6948;13.9081;10.362
1;7.9632;6.8902;7.0339;6.4033;7.75;7.6954;7.4727;6.2005
1;10.6616;10.7868;9.8523;8.2485;8.2399;8.9041;8.7397;0.3322
1;13.0656;13.6936;11.7006;9.5478;13.5902;15.2986;13.0892;8.3715
1;7.9873;8.0836;8.0449;6.6341;8.929;8.2323;7.3882;5.3191
1;19.219;18.1541;18.0053;14.4331;19.0519;17.5734;18.8734;14.2119
1;14.8912;15.4957;15.0363;13.0687;14.525;15.3261;14.963;11.7783
1;6.4212;6.451;5.316;5.8348;5.07;4.9289;7.8889;7.6993
1;7.6686;7.5284;9.8958;9.2656;12.2177;12.473;11.5521;8.7531
1;8.0357;7.9338;8.0781;7.1501;8.4855;8.1864;8.1405;7.2459
1;10.781;10.6945;8.9605;8.2826;9.9729;9.2615;7.4781;6.2901
1;7.6909;7.7005;7.7005;7.7005;7.7005;7.7005;7.7005;7.7005
1;15.1921;14.6728;15.4457;12.0038;15.7309;15.4034;14.6594;10.0527
1;6.9049;6.8766;8.3761;6.9356;8.1303;8.1285;8.0763;7.2316
1;17.9986;17.9663;19.0633;14.8757;17.5675;17.7849;18.6085;14.4813
1;6.4356;6.1598;6.4013;5.0135;6.6288;6.7577;6.1351;4.0076
1;14.2039;13.779;13.4592;10.5621;14.7215;13.4712;14.5784;10.7558
1;10.1229;10.0653;10.2537;8.7098;10.3725;10.138;10.4002;8.0955
1;7.3787;8.5076;7.7821;6.7694;8.0208;8.1395;8.0704;7.3582
1;13.1795;12.2156;12.5886;10.5777;12.5812;13.7262;12.3305;11.6028
1;9.6662;10.2334;9.7729;9.0041;10.0613;10.5656;10.6318;0.3185
1;12.1176;12.3574;12.9622;9.5024;12.1222;12.4742;13.3899;10.5187
1;11.9226;12.2004;12.1532;10.6907;12.1343;12.1136;12.3105;9.6234
1;11.0914;11.0338;11.7315;9.3937;11.234;11.118;11.5573;10.481
1;12.9083;12.9127;12.8594;11.3397;12.3863;13.8913;13.1896;10.2256
1;5.7523;5.9655;5.8444;5.1857;5.8614;5.9982;6.0752;5.127
1;8.88;9.2586;9.7538;7.7638;9.1447;8.9295;8.6587;7.8243
1;5.0705;5.0641;4.8982;4.4546;4.9628;5.027;5.1696;4.3509
1;12.9995;13.2668;13.3174;10.6054;12.7867;12.7707;13.061;10.8045
1;7.1771;7.8527;7.8885;7.1719;7.2843;7.3431;7.6543;6.2365
1;7.6909;7.7005;7.7005;7.7005;7.7005;7.7005;7.7005;7.7005
1;6.8727;6.6994;6.5499;5.0719;6.6515;6.5889;5.9256;4.5395
1;8.8662;8.8068;8.9864;6.8895;8.777;8.3437;7.6121;5.0985
1;7.1186;7.4817;5.8398;7.2082;7.2082;6.7389;5.088;5.7333
1;13.6762;13.9562;15.6069;11.235;14.6793;14.304;14.4135;10.4739
1;4.9757;5.0175;5.0235;4.6502;5.0542;4.8817;4.7589;4.3106
1;8.2609;11.2801;8.0708;6.4902;6.9396;9.0538;6.7077;5.737
1;8.0995;8.1132;8.1132;8.1132;8.1132;8.1132;8.1132;8.1132
1;10.8515;11.0612;9.5;8.6365;10.2074;11.1363;10.5738;0.3948
1;12.5002;12.6339;12.5054;10.1793;12.1168;12.4388;11.3727;9.9808
1;11.9001;12.0745;13.3962;10.1451;11.8643;12.2635;13.0799;11.2268
1;7.3903;8.4647;7.2619;5.9272;7.4431;8.0186;8.5131;5.8907
1;7.2257;6.9408;6.7342;6.1393;6.7332;7.5483;6.5854;5.8975
1;13.2798;13.4764;13.5286;10.6292;13.4895;13.8034;12.4717;8.7551
1;7.2997;6.8622;7.0195;6.3536;6.9908;7.0877;7.063;7.0198
1;11.8915;10.4567;10.2869;8.6374;9.9687;10.6743;11.1664;8.3936
1;21.9424;21.7959;22.8386;18.0481;21.8722;21.4768;21.6541;16.2666
1;7.8098;7.2894;7.0525;6.5717;7.7725;8.5122;7.4645;5.0272
1;9.6962;10.0871;9.5335;8.0261;9.7416;9.3795;9.0403;7.8324
1;11.5685;11.1193;10.931;8.8381;11.7372;11.7967;10.9702;8.4576
1;8.6884;8.8635;8.7804;7.5938;8.7962;8.6965;7.2681;8.1257
1;10.9384;10.9858;10.8769;8.9901;11.5532;11.0375;10.6748;8.9529
1;10.9663;10.7937;10.3085;8.5685;10.7629;11.6734;9.7755;2.2866
1;8.6363;8.8614;7.7518;6.4742;7.6055;7.5172;7.1;6.2327
1;10.9145;10.7534;11.207;9.09;11.1872;11.162;10.775;8.7452
1;11.1292;11.0862;10.3105;9.2819;11.7271;10.7817;9.7778;7.5789
1;4.8365;5.1396;4.7907;3.8793;5.3005;5.3876;4.7959;3.6526
1;10.8253;10.9351;10.4814;8.8919;10.9186;11.1189;10.6698;9.7016
1;10.5655;10.2524;10.0305;8.0601;9.9326;10.054;10.2499;7.2451
1;9.9518;10.29;11.741;10.3796;10.3695;10.741;7.0983;0.3614
1;10.8197;15.5574;10.3893;9.5888;10.0678;10.1512;9.4723;8.3112
1;8.5219;8.4551;8.1328;7.3858;8.7264;9.0365;8.3397;0.9702
1;10.3392;8.9598;9.8557;8.9374;11.9063;11.697;10.9149;7.0146
1;5.3944;5.509;5.5266;4.7225;5.435;5.3487;5.0432;4.758
1;8.7773;6.693;7.0135;7.8131;7.7418;9.8172;8.2422;5.8887
1;5.8559;6.0982;5.2758;4.3837;6.6981;6.222;5.1663;3.5484
1;8.8728;8.9574;8.7334;7.0889;8.8874;9.2133;9.5473;6.2488
1;10.5662;11.1237;11.776;8.0838;11.2487;11.8469;12.7745;9.4935
1;16.7719;17.2091;17.7144;11.5815;23.5455;23.564;22.1578;15.45
1;4.0567;4.3685;4.3052;3.5385;4.4808;4.5069;4.307;3.3994
1;16.5341;16.461;17.1982;13.1315;15.8427;17.3075;17.4475;14.202
1;5.2443;5.3899;5.4399;4.8353;5.2345;5.2285;5.2446;5.2455
1;9.9032;9.1635;9.8326;7.5562;9.7055;9.2744;7.8657;0.3031
1;10.5455;10.6926;10.0688;8.8688;10.4655;11.6739;10.612;7.9723
1;5.8738;5.9372;6.2127;5.1782;5.9295;5.5355;5.0234;5.5223
1;8.4996;8.3188;8.0097;6.7256;9.0156;8.0218;7.0672;5.3679
1;10.0646;9.8662;9.8812;7.3607;10.2459;9.7561;10.7334;8.1009
1;12.1984;12.271;11.8929;9.0491;13.5723;12.1228;13.0509;8.4253
1;13.2523;12.4685;12.9587;10.886;12.5342;13.1246;13.6597;11.091
1;9.64;9.5417;9.9122;8.557;10.0439;10.146;10.6563;0.4582
1;11.8246;11.9478;10.8055;9.7885;11.2043;12.3771;12.6229;8.0164
1;7.6908;7.7005;7.7005;7.7005;7.7005;7.7005;7.7005;7.7005
1;5.7963;4.6;5.6689;4.0465;4.5995;4.0274;5.608;4.3657
1;5.433;5.3715;5.2768;4.7628;5.2655;5.2935;5.2753;4.6232
1;23.2223;22.7611;22.3563;19.7093;23.21;23.7051;23.5823;18.5395
1;5.2699;5.4677;4.8639;3.9981;5.903;5.4601;4.6563;3.3557
1;9.8441;9.7247;10.4071;7.5175;10.638;10.3489;9.4037;6.518
1;8.6615;8.7909;8.2223;7.1242;8.8097;9.9051;9.8152;0.3183
1;10.8318;10.3809;10.3685;8.0305;11.0237;8.255;7.8304;4.2651
1;12.449;12.7379;13.0861;9.1193;12.4215;12.1967;12.4813;10.0082
1;8.0239;7.764;7.5088;6.5842;7.4799;7.9845;7.8553;6.7615
1;6.6955;6.6706;6.8607;5.4887;6.9798;6.25;6.2824;4.6254
1;6.2988;6.2974;6.1095;5.7661;6.0266;6.3357;6.54;5.8492
1;7.4782;7.2929;7.4653;6.5168;8.4169;7.3653;7.4894;6.3094
1;8.2423;8.0215;7.9688;6.8807;7.9222;7.842;7.8522;6.6528
1;9.7331;10.192;9.533;8.2767;10.2937;10.0862;9.101;7.6659
1;10.9292;11.2984;10.149;6.8451;10.2543;9.3422;7.9605;6.6996
1;10.3777;10.2071;11.8543;9.0674;9.4991;9.6271;10.5548;10.5903
1;9.6719;10.2743;9.8018;8.2363;9.3871;10.1345;10.4525;8.1159
1;13.6216;14.5966;14.5965;13.0406;15.7676;14.3422;16.5999;14.1506
1;12.1747;12.1472;11.4632;9.2261;12.5791;12.3102;11.3132;8.2526
1;8.3952;8.2259;8.5773;7.3621;8.6907;8.7078;8.8335;0.3707
1;5.868;5.8864;5.4171;4.4164;5.928;6.617;5.6911;3.9233
1;8.9428;9.6749;10.2743;7.5182;8.5596;7.9909;9.591;8.2144
1;6.2715;6.1081;5.9616;5.596;5.8334;5.8737;5.8577;5.4589
1;8.124;7.6964;7.9377;6.3572;7.9213;8.3499;7.5838;4.6821
1;8.1701;8.2726;8.3578;7.6119;7.8648;8.0698;8.2972;7.9109
1;11.4189;12.0034;11.6061;8.3888;11.8686;12.0862;11.556;9.7028
1;3.9072;4.0043;3.9028;3.586;4.3375;4.1296;4.0652;3.7416
1;6.4019;6.3569;6.2873;6.5096;6.4382;6.4602;6.9233;5.8132
1;14.0011;14.7939;13.7886;10.0317;14.3397;13.8568;14.8348;10.1932
1;6.7124;7.0278;7.2371;5.531;6.9938;6.9522;7.2448;6.0406
1;11.6075;10.8491;10.7812;8.8121;10.7878;10.8603;10.9332;8.242
1;11.1294;12.0005;11.0272;10.4706;12.4631;12.4305;11.4377;9.2884
1;14.4849;14.041;13.9514;11.6202;15.0105;15.3762;14.3645;1.6389
1;14.175;14.389;14.4793;11.0888;14.1527;14.8161;14.3922;11.3794
1;12.5426;13.3628;12.7273;10.5829;13.5557;14.3542;12.7242;10.2401
1;6.6052;6.2506;6.1968;5.5227;6.3926;6.3379;9.7919;8.4409
1;9.4277;9.3592;9.2029;8.5364;8.4019;8.6908;8.6853;8.7826
1;5.9863;6.117;5.5442;4.9131;5.5786;5.6229;5.2427;4.6067
1;7.341;7.2168;7.3648;6.5196;7.7468;7.4328;7.4138;6.6326
1;8.4461;10.0353;9.6828;8.2227;10.1545;10.917;12.3663;9.053
1;8.4084;7.8347;7.2987;5.0793;7.868;6.7087;5.9179;4.3086
1;15.1938;14.9452;15.1093;12.2616;14.8922;14.4518;14.7253;12.5425
1;9.1617;9.1496;7.9465;6.6366;10.0539;10.2463;9.2098;4.5147
1;6.0508;6.6465;5.6854;5.3468;5.9519;5.468;4.7999;4.2731
1;17.6185;16.802;16.701;13.1961;17.6814;16.3696;17.4892;13.3679
1;8.5015;8.7311;7.0259;7.8706;6.2681;4.6424;7.0341;7.3881
1;9.1442;9.1587;8.3201;7.7592;9.2605;10.1442;9.0301;6.7221
1;15.5326;15.1807;15.3086;12.0674;16.4083;19.2505;18.1011;1.6443
1;11.6119;10.9992;11.3121;8.6916;11.7371;10.9073;10.2413;6.8288
1;8.1605;8.3237;8.6396;7.657;7.7785;8.1348;8.1977;8.524
1;9.3282;9.9705;6.3266;4.9515;6.497;6.8049;7.7805;5.5473
1;9.6871;10.2866;8.1087;7.5364;8.6552;8.9049;8.7528;7.814
1;8.5094;8.5311;8.3466;7.9263;8.763;8.7978;9.4972;7.2888
1;9.1461;8.9801;8.886;7.8633;8.8644;9.3061;7.8863;7.155
1;12.0998;11.3903;11.2568;9.7016;11.616;11.8627;11.7549;8.7053
1;8.9351;9.0541;8.5479;7.212;9.0732;9.2653;9.7749;6.3768
1;11.3291;11.521;11.7915;9.5963;11.7747;13.1661;10.6918;7.3194
1;8.9641;8.6265;8.7431;7.5703;8.9746;9.565;9.2978;7.3586
1;11.1557;11.4196;11.1158;8.7538;12.6066;11.3394;11.5996;8.1526
1;15.5034;16.6967;15.2438;12.168;16.8084;14.9599;16.2314;0.4916
1;10.9631;11.137;10.1924;9.3524;10.3073;10.8213;10.0497;8.744
1;8.6391;7.9148;5.913;8.1333;8.1268;10.734;10.436;5.9585
1;14.4319;14.6314;12.6016;10.3867;14.3739;15.1726;12.9545;8.8246
1;6.9187;6.3132;5.6526;4.7241;6.4862;6.8784;6.5571;3.6654
1;8.9245;8.8866;8.5628;7.6325;8.917;8.6351;8.8181;7.0775
1;4.7157;4.7088;4.2774;3.3529;4.6786;5.6479;4.2974;2.7842
1;17.2558;18.7157;19.7294;18.7712;20.5796;20.9694;22.0306;3.931
1;9.3533;9.2789;9.0022;7.5809;9.5072;10.0943;9.2844;6.7175
1;8.185;7.9527;7.9736;7.2171;8.8816;8.3417;8.3774;7.4677
1;11.2498;11.8712;10.8669;9.5398;11.2954;11.0883;9.7236;7.7357
1;7.2039;9.1372;11.6809;8.3196;10.9128;10.0286;11.9167;8.7911
1;12.0921;11.9053;11.4773;9.3088;11.7607;11.499;10.6525;7.4179
1;14.4932;11.4802;10.576;9.1132;11.2148;15.071;15.2692;11.2869
1;21.5492;18.6872;18.0689;13.9274;18.0701;19.9484;18.1959;13.2487
1;7.6516;7.507;7.0964;7.4606;7.1405;7.1509;7.4811;6.9628
1;7.7166;7.7208;7.2848;6.2502;8.0777;7.7597;7.0086;5.5468
1;10.2092;10.1546;11.3477;9.8044;10.5781;11.4492;11.0538;10.8957
1;14.4483;13.8106;14.6504;14.1855;17.1609;16.7893;17.1953;12.6563
1;10.105;9.1447;9.329;8.3976;9.6156;10.5751;10.5062;7.2244
1;13.9273;15.4099;15.0083;11.1138;15.4648;15.9597;16.6276;9.368
1;17.22;15.7979;17.5396;13.2191;19.4536;18.8929;19.2816;12.9358
1;7.318;8.0159;8.2268;5.9988;7.9139;7.6572;8.4839;6.6833
1;10.6252;10.5125;9.7383;8.7246;9.5392;9.28;9.7206;8.6192
1;3.0239;3.0431;2.8806;2.5261;3.0346;3.0987;2.8155;2.1675
1;7.9474;7.841;7.3858;6.8792;7.5461;8.693;5.9718;6.1312
1;4.2682;4.1975;4.1542;3.7757;4.0685;4.1091;4.094;3.6581
1;14.4469;13.0497;13.5377;11.3047;14.2956;15.0938;14.2321;10.7779
1;7.7772;7.6975;7.3663;6.373;8.5784;7.7284;7.9062;6.0503
1;8.2325;8.3912;8.4852;7.7588;8.2408;8.1745;8.458;8.9068
1;15.7155;15.1246;15.8102;11.2214;16.081;15.41;14.402;8.5928
1;2.0583;0;0;0;0;0;0;0
1;11.3113;10.7453;11.2669;10.1315;13.8663;16.4309;13.5193;9.0644
1;6.7558;6.9079;6.6852;6.0107;7.1375;7.2628;6.9678;0.601
1;8.3915;8.396;8.3198;7.6715;8.2235;8.587;8.7873;7.7937
1;11.5241;10.9318;11.0973;9.1353;10.9884;12.5338;10.9966;7.6016
1;10.0206;10.0751;8.6394;9.8601;9.9477;9.3719;9.7551;8.6311
1;12.7915;12.2984;12.2975;9.1021;12.5169;12.2926;11.2563;7.491
1;8.837;9.8735;7.9624;7.4768;7.7257;8.1803;5.2188;5.5504
1;9.2645;8.845;8.2144;6.414;8.7522;8.2745;7.0972;6.1563
1;8.6549;8.7369;8.5514;7.6865;8.6879;8.8398;8.5759;7.7092
1;11.7616;11.6603;11.1858;10.2912;11.3901;12.0362;10.6353;9.4989
1;9.1546;9.0058;8.2641;6.5988;9.1108;8.5732;7.3511;5.3072
1;5.4966;6.9869;5.4168;5.1872;6.1516;6.1835;5.0161;4.7103
1;12.7707;13.1712;12.8144;10.1305;14.6229;13.2257;13.698;9.819
1;8.8803;9.0114;8.4364;7.4989;9.5552;9.8844;8.5915;6.1321
1;18.8404;16.8275;16.4049;12.8638;16.5462;17.5952;15.9054;11.8074
1;4.3488;4.4209;4.5281;3.6591;4.7184;4.6173;4.3914;3.5704
1;14.0269;13.3889;10.5107;8.6789;12.5109;12.7068;12.8207;8.3795
1;8.1954;8.164;8.5576;7.4773;8.336;9.1389;8.4883;7.0197
1;7.5199;10.7186;10.2983;8.338;9.9506;8.9849;8.6425;5.5946
1;9.9048;9.8298;10.4936;7.9581;9.9081;9.7472;10.228;0.8707
1;13.4567;14.4648;13.8713;10.9295;12.8279;12.766;13.1631;11.0757
1;12.5018;12.0914;11.235;9.5383;13.232;12.2603;11.0815;7.7113
1;6.8409;7.0707;7.0387;5.94;7.4103;7.075;6.8802;6.0296
1;6.6372;6.6137;6.2892;5.8885;6.561;6.7259;6.515;5.9304
1;7.4762;8.1886;8.5247;6.3025;7.8792;8.1743;8.386;6.7723
1;9.0965;8.9349;8.9713;7.8701;9.2057;8.7989;8.8682;7.4946
1;8.4288;8.6671;9.2456;7.6277;9.196;10.086;9.4847;2.2281
1;12.2839;12.4155;13.3721;10.1355;13.219;13.0839;13.1594;11.0349
1;8.0733;8.2149;8.3429;6.7559;8.3825;8.6649;8.4762;7.4522
1;14.0902;13.8926;14.5983;9.7695;13.539;13.1026;13.1635;10.6372
1;14.2915;13.4674;23.476;21.2495;25.5668;23.8721;16.7005;13.187
1;8.978;9.0271;7.1998;8.4052;8.8379;8.3228;7.2887;7.4496
1;8.1604;8.0962;7.8042;7.1925;8.3941;8.4198;8.9145;7.0331
1;4.1229;4.3012;4.4389;3.634;4.328;4.5073;4.4105;3.8122
1;11.5746;11.0754;11.0614;9.4222;11.3262;12.5493;10.9334;7.6874
1;16.0501;15.834;14.0837;11.4732;15.1852;14.2775;11.9291;10.4383
1;7.7276;7.7532;7.8217;6.7533;7.9461;8.9855;6.9595;8.3426
1;24.4226;24.432;24.339;19.4783;25.5071;24.8167;24.6162;2.2728
1;11.2564;11.6424;9.5789;7.7037;11.3995;10.5224;7.9056;6.5506
1;11.732;11.7988;11.0885;10.3722;11.2521;12.026;10.4951;9.3708
1;10.818;10.6858;10.5093;9.4292;9.5156;9.9367;9.2893;8.0186
1;8.3744;8.9857;8.3068;7.3002;8.088;8.1694;7.8849;5.8394
1;5.9371;5.8116;5.8506;5.3893;5.9097;5.8617;5.7585;5.6778
1;14.1181;13.3157;11.3483;9.8543;13.2248;12.7211;11.3665;7.7178
1;11.0833;12.2665;15.1864;9.1532;10.9495;10.5235;12.3572;9.553
1;10.5109;11.2797;10.5772;8.1647;9.8712;11.3314;12.6463;7.8592
1;7.603;7.7665;7.4451;7.4409;9.6124;8.8573;6.7387;5.7714
1;20.0597;21.3722;19.2022;16.1435;20.202;18.2611;19.6308;0.7049
1;17.061;15.0016;15.5224;11.1062;16.6033;15.0074;16.8691;3.0874
1;12.6833;12.2224;12.9371;10.2428;11.8726;12.9898;12.6684;10.3122
1;8.9077;8.4714;8.7668;7.3652;8.6429;8.6388;8.6866;7.8219
1;7.3888;7.2485;5.0145;3.596;4.693;4.4564;4.6529;3.7209
1;20.3637;20.6396;20.0354;18.0405;20.1632;22.0149;20.1327;16.7178
1;11.811;11.2021;12.3036;9.6358;11.3381;11.8594;13.3233;10.6013
1;7.6189;7.3782;7.3843;5.4967;7.3778;7.3325;6.4508;4.7579
1;6.7045;6.5075;6.4945;6.0797;6.3757;6.4307;6.3976;5.9737
1;6.8118;6.7002;6.3069;5.3315;6.8531;7.7651;6.4991;4.5905
1;13.1652;12.8611;13.0264;11.1669;12.98;13.2078;13.21;1.1717
1;10.9858;12.0603;11.9307;10.313;12.4375;12.4252;11.5461;9.2809
1;11.1175;10.3076;8.494;8.3819;10.7556;12.247;9.296;6.0681
1;11.8738;12.0203;11.0448;9.5558;12.205;12.3447;11.4691;9.4038
1;9.5088;9.479;9.0968;8.2914;9.2327;9.4196;9.3283;8.4416
1;3.8848;3.8899;3.8899;3.8899;3.8899;3.8899;3.8899;3.8899
1;12.0358;11.3316;10.9177;9.4285;10.884;11.4584;10.4344;4.9569
1;7.5613;7.5262;6.8303;5.6436;7.9441;8.4759;7.0631;4.188
1;15.1274;15.205;15.4774;11.9297;14.798;15.846;15.9325;1.1989
1;7.2965;7.1875;6.927;6.2233;7.44;7.4358;7.2119;1.4566
1;16.3433;16.205;16.6733;11.5754;16.3507;15.2134;15.4199;11.4174
1;15.0307;11.6214;12.3608;9.4504;12.9483;11.9436;12.4855;9.0636
1;12.2532;12.4188;11.3735;10.7467;11.6495;12.4752;10.3461;9.2901
1;16.016;15.8115;16.1177;11.8506;16.0755;15.614;15.3085;0.7781
1;10.7298;11.1175;10.115;8.4498;10.7358;11.6715;10.6766;7.7128
1;11.1312;11.0998;9.5977;7.964;9.2088;9.7487;9.7577;8.032
1;9.0276;9.1563;8.7993;7.7742;9.0072;9.3076;8.9003;7.4013
1;9.9284;9.7787;10.008;8.6451;9.9601;10.3234;10.6287;8.8858
1;9.2931;8.9428;8.7321;7.9005;8.8821;9.5575;8.9406;7.7312
1;8.8116;9.0353;8.8908;7.9495;8.5704;9.6014;7.4738;9.083
1;10.15;9.3304;9.4911;8.2173;10.0942;10.6001;10.182;7.3405
1;9.6557;10.1939;9.598;8.2377;9.6761;10.1673;9.9272;8.3966
1;8.2266;8.091;7.2623;6.1233;6.6202;8.0127;6.9374;5.8359
1;9.9626;9.7354;9.1864;7.3278;10.0066;9.5857;8.4391;6.1459
1;6.7409;7.991;6.5309;5.3247;7.618;6.7832;5.3211;4.2633
1;16.3273;15.7618;15.0315;11.1421;16.699;15.3963;16.8357;11.4836
1;6.0536;6.0797;5.8354;5.3024;5.8388;5.8411;5.996;1.38
1;16.5333;17.5855;16.1694;13.8589;15.3964;17.3468;18.1093;12.583
1;9.1355;9.1507;9.1507;9.1507;9.1507;9.1507;9.1507;9.1507
1;11.5692;11.7;7.4088;6.3785;10.9003;10.1672;9.1843;5.7814
1;8.1825;7.8791;8.7425;6.9694;8.2482;7.807;9.0685;6.2814
1;19.7389;17.7866;17.0943;14.0863;17.782;19.2009;17.5937;13.1207
1;12.9441;13.3204;12.9565;10.3978;13.2015;13.7177;13.473;9.0374
1;6.1555;6.3748;6.4944;5.335;6.2752;6.3207;6.121;5.5941
1;19.2623;17.7574;17.5917;14.2382;19.1965;17.3653;16.8419;10.2165
1;9.2392;9.942;10.4293;7.0538;9.8821;9.7414;10.7699;8.37
1;8.9711;9.1798;8.4909;8.0843;9.6811;10.9857;9.4664;0.6557
1;10.9798;10.548;10.5379;7.9384;11.2017;10.494;9.2198;6.5185
1;12.1819;12.3409;12.7075;9.2988;13.9468;13.6057;12.5995;8.7245
1;17.2556;17.6703;18.353;12.629;18.0365;18.0506;16.9923;11.1233
1;13.6948;12.6532;12.9562;11.4377;13.4426;13.242;11.9362;9.7494
1;9.1774;9.1767;9.3101;8.0524;9.381;9.3422;9.6104;8.4722
1;7.219;7.1642;7.0506;6.0858;7.1126;7.9438;7.3873;6.3049
1;3.6251;3.7379;3.7379;3.8899;3.8899;3.8899;3.8899;3.8899
1;9.7884;10.1875;10.538;8.6753;10.0336;9.016;10.6162;8.0804
1;8.7079;8.4205;8.066;7.2885;8.2464;10.064;8.424;6.6651
1;9.1544;9.2789;9.501;8.3771;9.2866;9.6722;9.4749;8.731
1;16.5914;15.5637;17.0008;12.8016;18.2636;17.8566;18.3844;13.4726
1;14.2052;12.9872;14.0037;10.9842;14.3174;14.7267;14.7433;3.8999
1;13.1923;12.0915;13.9221;10.1405;14.6102;13.1229;15.9337;1.4716
1;21.0617;19.3775;19.2764;16.3337;20.3962;19.2444;20.3303;15.7026
1;14.8013;16.3018;14.9561;11.806;13.9936;13.9196;13.9082;12.1912
1;8.9413;8.6129;9.0559;7.2333;9.2221;8.9104;8.9048;7.5349
1;9.5429;9.504;8.9769;8.3939;9.2358;10.3829;9.0074;8.0749
1;14.1668;13.9494;12.7456;11.4159;12.6351;13.4414;13.6061;12.0394
1;11.8225;11.7366;11.897;8.7147;11.603;11.8966;9.9188;6.4882
1;3.8848;3.8899;3.8899;3.8899;3.8899;3.8899;3.8899;3.8899
1;12.356;13.0561;13.8804;13.7224;12.7582;12.2917;13.3469;13.8073
1;11.913;11.3476;10.8104;9.0765;10.8005;10.9779;10.7268;8.3088
1;9.5097;8.5742;9.7668;9.7096;8.9678;9.6727;8.9233;3.1747
1;20.3084;20.4343;21.1791;17.3785;22.1047;20.416;21.0458;17.5567
1;7.6909;7.7005;7.7005;7.7005;7.7005;7.7005;7.7005;7.7005
1;9.0068;9.7099;9.2055;7.7641;9.2611;9.7069;9.2983;8.0886
1;4.1673;4.169;4.0814;3.8057;3.9737;3.9901;4.0956;3.767
1;12.1117;13.0634;12.5611;10.197;12.5902;13.9595;12.4978;10.156
1;16.8008;15.1745;16.0014;11.4529;16.8514;14.7327;14.5037;8.0199
1;14.8222;15.6809;16.6559;12.1223;14.6012;21.4276;17.1878;9.957
1;7.6206;7.9105;7.776;6.087;7.6928;7.0395;6.4095;4.5955
1;12.3805;12.7121;10.9566;5.046;4.3593;11.1217;8.9076;4.3077
1;12.0159;12.3911;11.1644;12.0603;13.3031;14.2332;13.1031;9.2835
1;7.4241;7.4071;7.3792;7.3361;8.5043;8.6031;8.8087;7.701
1;16.019;17.6022;16.1613;13.3131;15.1354;17.8478;18.9242;11.9202
1;8.9169;8.4614;9.1116;7.9275;9.1403;9.2421;9.5304;7.6483
1;18.0931;17.2073;17.7609;13.209;16.8685;20.1203;18.415;12.3028
1;9.6134;9.7798;9.5924;8.1028;10.664;10.2397;9.7226;8.2034
1;13.3207;13.594;12.8383;11.1566;14.3009;15.0838;14.0841;11.0789
1;8.8861;9.5075;8.0091;6.5446;9.0928;8.399;7.2662;10.0233
1;17.5456;18.9307;17.8761;14.0976;18.5537;17.7976;19.0093;14.0503
1;16.9923;16.0263;16.6548;13.1952;16.0583;16.8709;17.2906;14.1659
1;23.9077;24.2122;24.1023;18.1833;25.2761;24.6721;24.1602;1.5508
1;11.401;11.2225;10.748;8.7015;11.0427;10.0355;9.3833;6.46
1;17.3951;16.8787;17.0805;12.6232;17.3906;17.2315;16.5999;12.362
1;5.9755;6.0476;6.2758;5.2491;7.5994;5.7932;5.8989;5.0375
1;9.7142;9.3857;8.7536;8.2804;10.0513;10.7586;8.8363;6.6397
1;4.9447;4.4325;4.2775;3.6421;4.4906;4.381;4.1196;3.3948
1;15.5063;14.309;16.25;12.1442;16.8873;17.1136;17.4742;12.2684
1;17.8617;19.5103;18.6709;15.1111;17.0458;16.5612;17.4874;15.0951
1;19.2396;19.0846;19.3879;15.789;20.2311;18.9661;19.0198;14.9271
1;11.8553;12.7094;12.7833;9.9789;12.1886;10.866;7.7005;7.7005
1;10.8954;10.0269;10.134;8.3563;10.3149;10.2755;10.7416;7.083
1;19.1233;18.8746;19.2514;20.1669;18.448;18.1503;19.3388;5.6127
1;13.5463;13.2085;13.3927;9.0734;13.5323;12.7399;14.6601;10.2278
1;10.0409;9.1928;8.5276;5.8616;9.1078;7.8893;6.7751;4.8577
1;9.9304;10.3995;8.0608;7.1577;10.0156;9.1796;6.3122;4.5948
1;7.6037;7.8606;7.2741;6.3974;7.5376;7.5947;7.5447;6.4103
1;18.2954;19.0165;20.2678;14.9971;19.0804;19.1882;18.6316;14.1737
1;8.2197;8.0455;8.5167;6.7439;8.6781;8.4282;8.4187;6.6995
1;8.6612;8.3163;8.1267;6.2541;9.0677;8.561;7.913;7.2819
1;8.528;9.1773;8.359;7.1817;8.0407;8.6791;8.4145;7.3684
1;12.5381;12.6766;11.8246;10.085;13.9095;12.48;12.4952;9.461
1;10.3201;9.837;10.7622;8.105;10.7729;9.8882;9.8897;8.2245
1;7.7732;8.1234;8.0127;6.9427;7.9476;8.6131;8.2861;6.8463
1;7.1626;7.4883;6.3672;6.1072;6.7339;6.8712;6.2629;5.5907
1;11.7192;11.785;9.1907;10.9618;11.5136;9.7303;9.1548;9.1514
1;11.3686;11.5856;11.029;9.5286;11.8194;11.7387;10.7037;8.8106
1;13.4386;13.1719;12.4401;9.9101;13.3158;12.6282;10.9189;8.1425
1;6.8412;7.0495;6.2338;2.5298;2.7079;6.4466;5.351;2.4499
1;14.6049;14.2184;13.9996;10.9839;12.92;12.8966;12.1566;9.9256
1;7.8145;8.3818;8.9819;7.2443;8.7659;8.5578;8.4373;7.8298
1;10.0223;10.1231;9.5306;8.4875;10.0669;10.2621;9.6525;8.4022
1;6.4506;6.1307;6.1224;4.9425;6.3757;6.116;5.8995;4.1092
1;13.5949;15.1351;13.9853;10.8038;12.8611;12.5617;12.9507;10.8913
1;7.2569;6.6691;5.9656;4.9194;6.7708;7.2069;6.9668;3.9574
1;16.4737;15.642;17.0344;11.9972;17.0318;15.4739;14.8572;9.5648
1;7.4717;7.1253;6.847;5.429;9.2023;6.9791;5.2591;4.5003
1;7.1142;6.7311;6.5055;5.3663;8.7749;6.5614;5.4684;3.8095
1;7.6874;7.777;7.5819;5.9544;8.7263;8.6325;11.271;9.0886
1;10.0646;9.7804;9.5195;7.9509;8.7794;11.5356;12.0705;1.8022
1;7.8073;7.7669;7.5175;6.6578;7.6193;7.866;7.6906;6.9063
1;6.4113;6.7028;6.5428;5.5434;6.5302;6.8939;6.6552;6.5631
1;11.419;11.2859;10.8363;6.643;10.2917;10.3946;9.8548;7.6728
1;12.9508;12.8485;12.7155;11.01;12.8378;13.7264;13.5578;10.47
1;7.0134;6.9706;6.2916;5.79;5.8683;7.7137;6.193;5.1714
1;6.6212;6.5332;6.5612;5.2545;6.6658;6.6882;6.8373;0.1992
1;13.6084;14.0161;14.2743;10.8885;13.8577;14.1162;14.0623;7.9832
1;16.8733;19.0075;18.5695;15.0385;19.8809;18.8094;16.9741;14.1105
1;9.3589;9.6476;9.5763;8.0117;9.5155;9.5542;9.3113;8.5985
1;12.2416;12.3429;11.978;10.619;11.9026;12.3;12.0117;9.2101
1;9.2795;8.9658;8.2061;7.1812;8.5049;8.5226;7.7242;7.2211
1;4.3346;4.3364;4.4627;3.4683;4.331;4.5178;4.404;3.3232
1;8.5808;8.0571;7.0972;5.6943;8.4604;7.6045;6.0359;4.593
1;6.7939;7.0262;6.9232;6.4153;6.6092;6.9179;7.762;5.3326
1;6.5771;7.7711;8.3818;6.8068;7.6112;7.5348;7.9408;6.8044
1;8.0075;7.998;8.0092;6.5067;7.8906;8.2439;8.2318;6.6162
1;6.5473;6.7549;5.9175;4.8795;7.4208;6.9932;5.7377;3.9683
1;11.6253;9.9994;10.7158;8.0528;10.9613;9.8317;9.5497;8.2714
1;11.0511;12.0264;12.3907;8.5239;11.8484;12.077;12.6345;9.4096
1;10.3981;11.1096;10.5313;8.5272;11.8884;11.9728;12.417;8.9957
1;14.0001;14.2412;14.3562;12.2578;14.5204;15.0625;14.9712;11.6042
1;10.3769;9.8818;9.8273;8.0065;10.1315;11.0225;9.7023;6.9975
1;10.2224;9.3795;9.1318;7.9028;10.292;8.4413;8.1432;1.0326
1;10.6047;11.3509;10.4977;8.3537;10.2127;11.525;12.4173;8.1671
1;12.4116;12.4449;12.9899;10.0718;12.455;12.7439;11.5125;9.2219
1;13.5297;12.1998;12.2682;10.4724;12.8541;13.0448;12.9774;9.4247
1;8.2725;8.4456;7.2862;6.204;6.4905;6.9251;8.2344;7.1913
1;9.0453;7.2968;9.3798;6.0903;9.2991;7.4495;8.0441;4.5591
1;10.285;9.9213;9.0795;8.5014;9.2519;10.5931;9.8192;8.1505
1;8.1395;7.9877;7.8382;7.1892;7.9026;9.2618;8.3175;6.7717
1;14.3652;14.555;14.878;10.816;14.3899;14.1617;14.6709;12.3377
1;7.739;8.024;8.1842;7.0487;7.3816;7.5448;7.6897;7.7859
1;5.8467;4.7202;3.8988;3.1362;4.9877;3.9068;3.3422;2.4813
1;15.904;16.8539;15.8503;11.6685;16.3497;16.0269;17.3295;11.7887
1;12.0797;14.1033;15.6617;9.6215;12.0346;11.8658;13.5973;0.788
1;8.0059;7.9499;8.0424;6.8696;7.902;8.0933;8.1756;7.0797
1;7.2479;7.3879;7.3756;6.6513;9.1281;8.2817;6.2934;5.2777
1;10.1182;9.6019;9.14;7.2619;10.0592;8.0051;7.0499;4.174
1;10.3058;10.6792;10.1844;8.0245;10.2804;9.4538;8.5789;5.4932
1;8.5274;8.5848;9.0211;7.8716;8.5843;9.0536;8.87;8.4849
1;18.9929;17.5959;19.3981;13.1175;20.0747;19.1332;22.3426;12.7811
1;10.1811;10.1736;10.916;8.2978;10.3163;10.0985;10.722;1.2386
1;16.2269;15.6043;15.0886;11.9821;16.4969;15.2762;16.4271;11.7831
1;7.6108;8.0344;15.51;8.6859;12.4372;11.4318;12.7143;9.692
1;15.3377;14.1585;14.7591;11.6784;16.1432;14.2571;15.1326;11.5744
1;13.9695;12.2573;10.7306;10.5179;14.9573;11.4045;13.3393;6.1446
1;11.0883;10.993;8.9978;6.8581;10.6877;9.1398;7.1335;5.8891
1;11.9462;11.6716;12.3156;9.7607;11.696;11.4365;12.3097;9.8006
1;6.3391;7.0633;6.0718;5.7975;6.0265;6.2306;6.0558;5.2697
1;29.8219;27.0523;32.8559;19.4864;29.4413;28.7343;33.9085;24.2364
1;4.0727;4.4999;4.1021;3.401;5.179;4.9998;4.1436;2.9525
1;9.6136;9.513;8.9519;7.6443;6.3135;7.7529;8.1878;5.2883
1;11.1252;12.2755;10.1874;8.1012;10.7148;10.8557;10.0309;7.2873
1;8.6858;8.7541;8.337;7.4516;8.7732;9.739;8.7099;6.8312
1;7.6601;7.6587;7.612;6.6041;7.6061;7.9114;7.7621;6.6398
1;13.3559;13.3407;12.656;10.726;13.2167;15.1663;15.0177;10.122
1;17.3553;16.7632;14.8198;13.7216;18.6571;18.9685;16.5758;2.3943
1;8.6651;8.8447;8.6788;7.236;8.3597;8.7487;9.1516;7.2453
1;9.0122;9.5048;9.51;8.1087;9.3231;9.1554;8.6955;8.5886
1;11.3066;12.0157;13.096;10.5229;11.9863;10.7232;12.2273;11.4029
1;4.898;4.9494;5.0564;4.3323;4.9506;5.1452;5.0211;4.6677
1;13.3792;19.6073;20.154;13.89;18.8308;15.5571;14.4275;8.8028
1;15.3594;15.2484;15.2726;13.1255;15.3037;15.4218;15.6343;1.3598
1;11.2117;11.248;11.687;9.2367;11.1853;11.1923;11.8241;9.3847
1;10.7396;10.5534;11.13;8.316;10.7358;9.837;9.2194;6.6862
1;9.2293;9.2953;7.4675;8.1184;8.7892;10.6117;9.2131;6.7898
1;6.7235;6.0929;6.4159;5.3725;6.7713;6.0485;6.0902;4.4431
1;8.1724;8.1181;6.7393;5.3743;7.8534;7.1792;5.8366;4.7202
1;5.9642;6.3067;5.9732;6.0873;7.1895;6.6931;6.9524;5.7426
1;7.9206;8.0153;9.5224;6.4753;7.6694;7.4442;8.2639;6.4192
1;16.3903;14.9531;15.0031;11.9406;16.0567;14.7065;15.6864;1.6642
1;11.31;11.29;10.6275;10.1669;11.1995;11.2014;10.7766;1.1102
1;12.4316;12.4653;13.0534;9.9841;12.478;12.7902;12.9634;10.9106
1;11.2518;8.6276;11.3455;7.2123;11.4934;9.4144;10.0013;5.2517
1;10.7907;11.1103;10.2671;8.7333;12.1084;10.6408;10.5872;8.3161
1;9.401;8.9066;8.9952;7.2487;9.216;9.8736;9.4779;7.2049
1;19.5977;18.4271;19.5677;11.0875;14.4166;15.0536;15.096;11.4041
1;10.2312;10.3135;10.4376;8.93;10.6543;10.9246;10.9514;8.8934
1;10.1224;10.3802;10.9192;8.3242;11.1604;9.6384;8.2934;6.7883
1;7.999;7.9512;7.2601;6.2268;8.6021;7.6974;6.3302;4.9253
1;13.2289;11.982;12.6898;10.3345;13.1322;13.7775;13.257;2.8923
1;6.6221;6.8536;6.5699;5.9397;6.8169;6.8363;6.6869;5.7219
1;8.4373;8.4435;8.4698;8.0202;7.9501;8.1381;6.9981;6.7
1;8.1497;8.1763;8.323;7.2268;8.1619;8.151;8.5321;7.6178
1;5.7802;6.0087;6.1901;5.0994;5.8431;5.9617;5.8093;5.4244
1;9.1117;9.7878;9.1173;7.3608;9.8332;9.8108;9.0132;6.406
1;10.7025;10.6397;9.9684;8.0085;9.9485;9.7206;9.3868;7.5937
1;5.9566;5.2421;5.1466;4.2351;5.7059;6.1564;5.8947;3.264
1;27.016;28.3592;23.9652;23.178;27.7178;25.5162;26.429;25.1024
1;7.1127;9.8625;19.9018;14.3919;18.6732;19.1033;17.4743;13.1009
1;11.3429;10.964;10.4856;8.5974;10.8678;10.8355;11.1623;7.828
1;14.6439;13.774;12.7649;9.8615;13.3967;13.0625;12.3195;6.5896
1;10.4778;13.6787;18.7648;13.7012;19.0163;10.9218;11.44;7.2843
1;9.0864;9.546;9.6111;8.3654;9.4532;9.602;9.1952;8.983
1;9.4178;9.2867;9.4431;8.3139;9.3082;9.2666;9.464;8.0817
1;11.7156;12.3906;13.3673;13.2069;12.3872;11.5354;12.7263;13.2547
1;8.1139;7.9367;7.8421;6.8981;7.657;8.525;7.6599;6.6216
1;7.6496;7.6994;7.6543;7.0969;8.1862;8.104;7.3177;6.1696
1;9.6205;9.4725;9.4042;7.5339;10.1188;9.6259;8.9277;6.7445
1;9.4995;9.4333;8.7241;7.0461;9.4424;8.9381;7.3619;6.2751
1;11.2677;11.2364;11.1941;9.3426;10.724;10.5861;11.0461;1.0784
1;10.5213;11.0302;11.9506;9.9135;10.9603;9.7697;11.3969;10.7331
1;15.1806;14.7819;14.9134;10.9787;15.1177;15.2433;14.4386;10.6967
1;8.7516;7.3892;6.8294;5.6271;8.2765;6.8511;7.1018;4.6197
1;11.4883;9.9113;11.288;10.0806;13.5428;13.2109;12.0842;7.896
1;5.5827;5.4532;5.2292;4.7475;5.2487;5.6581;5.1567;4.6387
1;10.5078;10.7774;10.5503;8.6509;11.2551;11.9403;11.1153;8.2487
1;8.855;8.8088;9.1406;7.7631;9.4293;9.9221;9.4144;7.377
1;8.2661;7.8373;8.1146;7.0882;8.3437;8.5374;8.2898;6.3879
1;15.8395;15.2376;14.5201;12.2322;15.9685;14.7607;15.9686;11.6042
1;11.4372;11.3221;10.8587;10.2958;11.3436;11.6824;10.1292;9.0901
1;12.5516;11.7185;12.7953;9.5508;12.6941;11.8702;12.4204;10.2137
1;11.6476;11.0968;11.193;9.7405;11.294;11.2043;11.1374;8.6281
1;14.0474;13.7906;10.9385;10.9134;13.3965;11.705;14.7971;7.6433
1;13.4546;13.4375;13.4798;11.1002;13.5582;13.7818;14.5858;11.8159
1;10.6802;10.5088;10.8871;9.5866;10.8415;10.8953;11.1007;9.9168
1;19.4236;18.6874;19.3144;14.1813;18.7196;17.9941;19.194;13.7483
1;6.8939;6.8117;8.4598;9.0101;10.8159;8.1382;7.1838;4.8104
1;16.9304;17.7336;18.1832;13.4471;15.8804;16.6227;19.3988;0.8264
1;12.3645;12.8746;12.6726;10.3718;12.7355;12.9239;13.1129;10.8064
1;16.5868;17.5833;15.5849;12.9271;16.6266;14.6903;15.979;11.5788
1;26.6838;25.9597;24.7951;20.9534;25.0668;24.8256;25.8342;19.9008
1;13.2382;14.9127;13.6035;11.2177;13.3079;13.205;13.34;2.6669
1;8.368;8.553;7.4442;6.9458;7.7932;8.1113;7.5407;6.4812
1;7.3772;7.2761;6.7223;6.1057;6.7568;6.9387;6.5956;1.1973
1;5.9066;5.8097;5.979;5.2904;5.406;5.8081;6.056;0.9297
1;14.0509;14.3582;14.6674;10.8644;14.2765;14.0733;14.6414;12.6216
1;8.1128;8.1775;7.6113;6.9697;7.9142;7.3689;7.9893;7.3567
1;6.4716;6.2564;6.189;5.236;6.0608;6.2494;6.2072;5.1833
1;5.2634;5.2211;5.3186;4.5662;5.1892;5.3443;5.3224;4.9989
1;7.6713;7.6878;7.5568;6.5912;7.5444;7.901;7.6994;6.6399
1;6.3816;6.4667;6.1568;5.4755;6.3915;6.5057;6.3298;5.5262
1;11.1142;11.063;11.2791;8.5853;11.3616;10.4865;11.5683;8.5934
1;7.9896;7.8221;9.37;5.5425;8.6118;9.0025;9.4535;6.4307
1;7.3957;7.4053;7.2025;6.2395;6.9259;7.6077;7.1775;6.0119
1;4.87;5.4184;4.8009;4.9762;5.5992;5.7286;5.606;4.9971
1;9.7939;9.6954;9.655;8.0565;9.7446;9.9013;11.2606;8.2991
1;12.3828;12.2364;12.4267;9.1723;12.0699;12.1684;12.7688;9.2253
1;5.3756;5.4685;5.8913;4.7563;5.215;5.3193;5.4054;5.1374
1;4.4175;4.4433;4.2686;3.8883;4.3321;4.3901;4.4136;4.1265
1;12.5514;12.325;12.5035;8.681;12.2176;12.3719;12.6456;10.3367
1;7.3002;7.0358;7.0892;6.2096;7.1196;7.4362;7.1578;6.461
1;8.1709;8.8088;8.2955;7.0495;8.1518;8.4644;8.4503;7.2854
1;3.7931;3.781;5.0736;3.8899;6.7232;3.8899;5.7187;5.7315
1;3.8848;3.8899;3.8899;3.8899;3.8899;3.8899;3.8899;3.8899
1;13.0982;14.1357;28.798;25.6626;22.4453;17.5443;23.8431;26.9832
1;6.9431;7.0034;6.7951;6.356;7.2668;7.3585;7.8803;6.0373
1;7.0789;7.0335;7.0611;6.4133;7.0607;7.201;7.2138;6.6596
1;5.8927;5.8155;7.5268;7.0175;8.2025;7.9628;8.9031;7.2457
1;5.6326;4.5265;5.6086;5.6383;6.0254;5.7336;5.7836;4.524
1;6.3073;6.2566;6.2393;5.451;6.2271;6.3129;6.2731;5.9307
1;8.2455;8.8118;9.7098;8.3175;7.2771;8.3755;9.6455;13.4088
1;6.6245;6.5234;6.4759;6.5373;6.2019;6.2632;6.3815;6.2766
1;3.7337;3.7748;4.6742;3.8899;4.5061;3.8899;4.6816;5.0084
1;7.3181;7.18;7.188;7.279;6.7879;6.9086;7.0472;6.9458
1;7.845;8.5823;4.2756;4.9067;4.7724;4.8122;5.1362;4.1033
1;11.9411;10.7398;11.6077;8.5653;11.3326;11.4422;11.822;7.0551
1;10.3811;9.2089;7.9576;6.5586;9.4203;8.0818;6.4322;5.2337
1;3.8848;3.8899;5.9283;5.9629;6.5712;6.4079;6.4814;5.5539
1;14.5861;15.2784;14.723;12.1385;13.515;13.9152;13.9502;10.8902
1;20.1217;19.3776;20.9793;15.9875;19.4561;20.5836;19.8375;14.0603
1;9.8518;9.8484;9.6511;8.196;9.9619;10.3669;10.3662;7.7104
1;11.0054;10.761;10.1051;9.4081;10.5096;11.3201;8.9564;7.7504
1;6.1461;6.2413;6.183;6.061;5.9204;6.0389;6.1019;5.8061
1;11.0281;11.0133;11.3608;9.8932;11.1517;11.0789;11.3003;9.9186
1;7.502;7.602;7.5475;7.3371;7.2677;7.466;7.1024;7.6223
1;12.3031;12.8863;13.614;10.1759;13.0958;13.5371;13.6182;11.3758
1;1.4454;1.4471;1.3461;1.2451;1.4074;1.3348;6.4187;6.781
1;9.6213;9.7873;9.3256;7.5161;9.3912;9.056;8.8665;5.8053
1;6.5156;6.9604;5.9183;5.5684;6.0542;6.5313;6.104;5.2715
1;10.5638;10.4386;10.2104;9.2424;9.8503;10.699;9.6149;8.0777
1;9.7066;9.8847;8.9484;8;9.0399;9.3572;8.4233;7.2139
1;13.4539;13.5425;13.6814;11.07;12.3556;12.4026;13.4879;9.8457
1;5.5087;5.6171;5.0451;4.6499;5.0301;4.9886;5.2904;4.8623
1;19.0826;19.1363;18.7358;15.1589;19.1732;19.2193;19.8339;14.6659
1;20.1893;20.1066;20.7148;16.328;19.8104;19.8071;20.0143;15.3055
1;14.1823;14.1912;15.1579;12.0347;14.6741;14.9295;14.7778;13.7588
1;11.7862;12.0713;11.4867;10.8824;11.693;12.3685;10.706;9.7488
1;12.3095;12.2777;13.0801;10.2611;12.3397;12.3202;12.7168;11.3971
1;8.3059;8.4357;7.4847;6.8628;7.2938;7.4213;7.2548;6.587
1;17.0877;14.0253;21.8498;12.2645;17.1408;16.76;18.688;14.8654
1;11.5891;11.7644;10.6447;9.256;10.9431;11.8764;11.6446;8.1183
1;10.2992;9.8388;8.9305;7.852;9.6963;9.551;8.8095;7.638
1;16.0691;16.2148;11.4299;9.5196;11.4101;12.8895;13.2741;8.6021
1;14.6609;14.4459;13.8407;12.6344;14.5283;15.0048;14.6291;11.7554
1;8.9174;8.4473;7.2174;6.4888;7.6986;8.3263;7.3811;6.0136
1;10.1987;10.1936;10.1795;8.6756;10.47;10.7147;10.5696;8.1718
1;12.6421;12.7379;12.708;8.8215;13.84;12.8166;5.8267;5.1898
1;6.2525;4.439;4.4662;4.0382;5.0882;4.3824;5.9759;6.3785
1;9.3395;9.3595;9.908;7.6328;10.1961;9.4088;9.632;7.5459
1;12.6474;12.1188;12.2842;9.3373;12.1198;12.2091;12.5866;9.0464
1;5.7345;5.6447;5.9364;5.2859;5.6365;5.5742;4.3821;5.4257
1;12.9645;12.01;12.7444;9.9874;12.7654;12.4625;12.9207;9.1334
1;8.2515;8.1896;8.0682;6.9991;8.0773;8.2996;8.0149;7.1095
1;3.9972;3.8899;3.8899;3.8899;3.8899;3.8899;3.8899;3.8899
1;13.873;12.2684;12.4989;10.1406;12.5605;12.3466;15.2107;7.8184
1;7.2593;7.5878;7.064;6.026;7.6797;7.6286;8.3779;0.2774
1;9.0724;9.7033;6.1358;7.3579;8.6146;8.7631;8.7192;7.5931
1;9.4971;8.2637;8.5603;6.6173;8.8033;8.7682;7.6831;5.0666
1;7.9653;6.056;6.1206;5.2559;5.9817;6.161;6.1537;5.5415
1;10.0293;9.7965;9.3047;8.4367;10.0515;10.7293;9.6393;1.1805
1;8.9414;9.4949;9.2307;8.1005;9.3529;9.6882;9.6428;8.0552
1;11.7466;12.4253;11.744;9.3671;11.9391;11.9731;11.0938;8.8909
1;7.6569;7.7465;7.4795;6.1563;7.6619;7.9613;8.9314;5.8941
1;12.9454;12.8548;13.6614;10.5075;12.9704;13.2992;13.5096;11.2762
1;4.7091;4.6123;4.559;3.7913;4.6421;5.088;4.7547;3.5379
1;3.8848;3.8899;3.8899;3.8899;3.8899;3.8899;3.8899;3.8899
1;9.7061;8.8924;9.118;7.478;9.9126;8.7002;8.6987;7.324
1;6.8867;6.881;7.1367;5.6265;7.4276;7.207;7.211;5.2832
1;5.9034;5.8959;5.7448;5.2721;5.6256;5.7197;5.8176;5.467
1;7.6668;7.4397;6.3962;5.8739;7.0349;8.3721;6.9311;5.7375
1;11.5698;10.5547;9.7837;8.5363;11.1825;9.6424;8.1649;7.1058
1;11.2357;10.189;6.7851;5.2079;7.1373;6.5242;6.6745;5.2883
1;3.8848;3.8899;3.8899;3.8899;3.8899;3.8899;3.8899;3.8899
1;14.0791;12.2381;12.3209;9.9883;12.2325;11.15;13.4969;9.7337
1;12.4681;12.368;12.7826;10.1;12.3129;12.6477;12.4115;10.555
1;17.0756;18.1841;19.2004;15.3245;20.6283;17.6844;17.4961;15.0691
1;12.3903;12.316;11.8971;10.2561;12.2136;13.0682;12.8461;9.8105
1;7.7222;7.642;7.8995;6.6586;7.2953;7.5524;7.7596;7.5104
1;7.259;6.5076;6.3834;5.5275;6.5178;6.8125;6.5531;1.3125
1;7.4848;7.5276;7.1549;7.1435;6.2075;7.5919;6.7382;8.2318
1;12.9455;12.8245;12.9542;10.4383;10.7879;12.8461;10.2426;7.5741
1;7.7666;8.107;7.3407;7.6668;7.0331;8.1874;6.8113;8.22
1;11.8774;10.3135;9.1625;7.0267;10.1378;9.3395;11.3429;5.3427
1;6.8411;6.6239;6.2639;5.3678;6.6029;7.1687;5.9736;4.4034
1;10.0175;10.0675;11.3613;10.2398;10.5315;9.4892;10.6294;10.9621
1;8.3616;8.2443;7.9509;7.1265;8.2131;8.4813;6.9408;6.1327
1;12.3083;12.5351;12.2127;10.2596;12.3782;12.7558;14.4461;10.7547
1;15.3516;15.4484;15.0699;12.5686;15.5114;16.2557;15.7084;11.909
1;10.8946;10.4411;10.6097;9.4597;10.7467;10.5959;10.5415;8.6432
1;6.1112;6.0008;5.6918;5.1695;5.6585;6.4252;5.5975;5.1177
1;16.7875;15.903;15.6691;11.9791;16.0251;17.7967;17.2367;10.1708
1;10.7782;10.4586;11.2925;8.5277;10.6181;10.6672;10.7717;9.187
1;13.7937;13.8898;13.2147;11.4549;13.9117;14.6796;13.9863;10.5339
1;14.6876;14.9454;13.6521;11.7634;15.4484;16.932;14.4407;10.5147
1;18.7794;18.8257;18.5901;14.005;19.0898;16.5665;16.0881;11.9302
1;15.1705;15.1289;15.1097;13.1644;16.3652;17.1075;17.1056;13.7294
1;12.6057;12.2569;12.2245;10.868;12.9997;13.6234;12.303;9.2536
1;14.1958;13.8223;13.5442;10.8247;13.4756;15.0067;13.4446;9.319
1;9.7274;10.1108;10.3302;8.701;10.0654;10.4541;10.3714;9.6445
1;10.3536;11.0387;10.5769;10.9979;13.1056;13.7602;12.5178;8.6723
1;13.6281;13.6484;13.5143;11.5222;13.5244;14.7734;14.3814;10.9943
1;10.3252;10.3533;9.8183;8.4005;10.8859;9.0773;10.1062;7.888
1;5.1134;5.1323;5.0624;4.5376;4.8797;5.414;4.8736;4.446
1;13.4266;13.5728;12.8716;11.1395;13.5958;15.0365;13.9139;10.4986
1;11.8744;10.7932;11.0082;10.3293;12.285;12.4101;14.0528;9.2231
1;8.5331;8.5018;4.1988;3.8899;3.8899;3.8899;3.8899;3.8899
1;10.6494;10.9077;10.435;8.8912;10.8093;12.0038;11.2506;8.594
1;7.3209;7.4135;7.2625;6.451;7.5327;7.532;7.256;0.5942
1;5.5139;5.4674;5.4417;4.8268;5.4377;5.6167;5.5771;4.975
1;7.7747;7.9426;8.0724;6.826;7.7746;7.9973;8.0836;6.9425
1;14.3098;13.9316;13.5627;12.0832;14.6493;15.3889;15.5183;9.4877
1;7.8323;8.0502;7.349;6.9618;7.9302;8.7164;8.7364;0.3276
1;8.3996;8.6558;8.7132;7.427;8.8265;8.8586;8.4914;7.6589
1;10.9756;11.0856;10.8186;8.8362;10.9995;11.4118;12.843;8.7356
1;11.1948;10.8507;10.3093;9.5135;11.1756;11.5638;9.587;7.5139
1;8.4091;8.4386;8.4906;7.8148;8.0016;8.1785;8.0694;7.7709
1;10.2462;10.0413;9.6761;8.29;10.7985;8.8778;10.1791;7.7784
1;6.3566;6.8262;6.6126;5.7865;6.5366;6.8077;6.8849;5.7703
1;5.0925;5.0741;5.122;4.58;5.0704;5.1919;5.1913;1.4854
1;17.8609;17.3596;20.1169;15.9451;20.9872;22.417;21.3822;0.7251
1;7.5332;7.5516;7.2523;5.8285;8.0755;7.704;6.7417;4.9574
1;9.5109;10.527;12.6198;9.0289;11.9654;10.6288;12.6479;9.6179
1;10.6396;11.4751;10.4502;9.216;10.9363;12.4626;11.2973;9.2062
1;15.2784;16.4337;15.2402;12.0459;14.294;16.5785;17.5273;10.8986
1;15.258;14.349;13.6964;11.1663;14.4009;15.0689;14.7934;10.8694
1;7.992;8.3211;7.6758;6.5379;8.6569;8.8008;10.4154;6.0517
1;6.857;6.8319;6.4542;5.6196;6.6374;7.4879;7.6937;5.509
1;12.3106;12.3104;12.3965;10.1581;12.0899;12.7079;12.9647;10.0155
1;15.0499;15.5876;16.0531;12.0388;14.388;14.7396;16.3267;0.9561
1;11.5008;11.2061;10.938;9.4517;11.6267;11.2676;9.9612;8.4745
1;17.5031;16.5861;17.9471;13.3214;17.6306;16.3625;17.0303;12.8021
1;6.3914;6.3166;6.046;6.4147;6.1673;6.0987;6.2705;0.3318
1;11.2051;11.1909;10.686;8.1988;11.8089;10.8989;10.0358;7.1352
1;7.1938;8.6226;8.3108;5.0584;9.2997;7.856;7.5268;5.4492
1;14.2672;14.4517;15.3417;13.8168;16.4384;17.4884;16.5682;0.6109
1;13.701;14.5275;14.8155;12.4916;14.895;15.9405;14.8422;12.542
1;11.7508;12.0355;12.36;9.1016;11.6032;12.1384;12.1346;10.0124
1;12.3766;12.1038;12.2137;9.369;13.3061;13.0103;12.3935;0.7291
1;15.0934;14.9426;16.0173;11.0407;10.8787;12.171;15.3605;13.323
1;11.7159;11.1342;11.1817;9.9704;11.9509;12.3822;11.5573;8.1128
1;9.5463;11.14;11.529;9.0867;11.8107;11.5648;11.5165;2.3116
1;11.7379;12.1801;12.8801;9.5483;10.6235;10.6553;9.7512;8.7115
1;16.4205;16.4074;16.2215;11.0496;16.1305;15.4754;16.8698;0.9669
1;21.5136;17.9078;18.2156;14.0261;19.5556;17.8797;19.408;13.6149
1;11.5828;12.713;4.335;3.8899;3.8899;3.8899;3.8899;3.8899
1;6.4408;6.3842;6.7969;5.7036;6.363;6.1826;6.5922;0.2313
1;9.8954;10.5437;10.56;8.1129;10.4335;10.7084;11.0808;8.2638
1;12.8786;13.4768;13.0007;10.2561;13.4584;13.5586;11.8128;10.6931
1;5.6706;5.6752;5.6363;5.0389;5.7052;5.7274;5.7737;5.216
1;14.0709;14.4269;13.1938;12.9053;12.6772;12.9798;12.6595;11.8103
1;8.2877;11.1387;11.8367;9.5772;10.0741;10.3387;10.2212;10.9903
1;7.6326;7.4279;8.339;7.6283;8.9427;8.5385;8.9933;8.3962
1;12.3802;12.3548;11.2973;10.5379;10.925;11.1006;10.8506;10.0013
1;7.9051;8.0997;7.7517;6.8092;8.054;8.3128;7.2773;6.3535
1;7.2713;7.3718;7.3547;6.4355;7.4862;7.7842;7.3278;6.57
1;10.1771;14.0004;12.687;10.8462;10.7133;10.9583;11.1472;10.9266
1;8.6812;8.9892;8.5036;7.4341;9.0168;9.3606;8.1081;6.9101
1;7.6857;7.8955;7.7615;6.7403;12.5948;9.8398;10.7028;10.2764
1;5.0705;4.8928;4.7787;4.4564;4.8757;5.0138;4.8549;4.3721
1;9.8097;11.0559;10.1013;9.6991;8.8555;9.582;9.527;10.0539
1;8.4939;8.4262;8.0747;7.195;8.0927;8.531;8.1505;7.0278
1;11.2027;11.4069;10.4928;9.4888;10.9341;11.549;10.4378;8.7824
1;12.3248;12.3544;11.7234;9.762;12.8412;13.1536;11.854;9.3186
1;5.7255;5.7333;6.5392;9.7596;12.2544;11.9163;11.8744;9.1818
1;13.7107;14.0527;13.3965;11.1968;13.4495;13.7012;13.6943;11.4723
1;7.6914;7.7005;7.7005;7.7005;7.7005;7.7005;7.7005;7.7005
1;15.1148;15.119;15.3923;12.9367;15.6817;16.4296;15.953;12.7838
1;13.8102;14.2332;13.6999;11.705;14.5809;15.0559;14.42;10.7086
1;9.8551;10.0804;9.7275;8.7748;10.0195;9.9411;9.8113;8.963
1;10.3752;10.1701;10.328;8.3982;10.3894;10.562;10.521;8.2586
1;14.5955;14.6636;15;11.636;14.6505;6.394;6.2402;5.8331
1;13.0881;13.6231;13.0248;11.3567;12.8887;13.1259;13.4384;10.8078
1;6.6807;6.1204;5.3822;4.6423;5.2122;5.2793;5.2024;4.2452
1;7.1349;7.373;7.3601;6.1626;7.3745;7.8361;6.8999;5.9768
1;5.8264;5.695;5.9518;4.69;6.1336;5.9348;5.9127;4.7999
1;15.588;16.2089;17.6697;13.6393;18.0929;16.8776;17.1288;13.1062
1;16.1093;15.6038;15.0256;12.3437;16.5616;15.2856;16.9013;12.0516
1;5.0781;4.9963;6.7726;5.63;6.8052;6.7631;6.7911;5.4826
1;7.907;7.811;7.8311;7.1566;7.7854;7.912;8.051;0.6101
1;5.5612;5.5549;5.4193;4.9373;5.5149;5.9176;5.7045;5.1448
1;8.9902;8.8179;9.1365;7.6424;8.8052;9.3845;9.6727;7.1489
1;4.8431;4.7778;4.6555;4.0412;4.6315;4.6355;4.895;4.1452
1;16.9542;15.4508;15.1342;11.8159;13.9422;16.9956;15.3627;9.9712
1;17.8708;18.7828;17.416;15.064;17.7834;18.4518;19.2874;14.5912
1;12.1618;12.9104;11.7632;10.8126;12.3068;12.6333;13.1054;5.1933
1;8.0558;7.6736;7.5649;6.6808;7.3238;7.5729;7.5445;7.0517
1;13.7783;14.0898;11.9626;11.0895;13.7781;13.2329;11.9801;9.7045
1;9.8419;10.1309;10.0049;7.5788;12.5513;11.363;10.3274;7.8808
1;12.4041;12.7299;10.6964;9.6824;12.1747;11.5025;11.2449;9.5007
1;11.0393;10.9459;10.9035;8.6687;11.9894;10.7848;12.1698;7.5878
1;13.7013;13.3779;12.3764;11.0386;13.147;11.8282;11.9897;8.9606
1;9.5074;9.5993;9.053;8.1083;9.9786;9.3646;9.4921;7.2388
1;12.1071;11.3356;10.6859;8.8274;11.937;12.0566;12.412;7.214
1;10.1916;10.7823;10.2845;8.8673;10.4346;10.9337;10.7522;8.4053
1;3.8848;3.8899;3.8899;3.8899;3.8899;3.8899;3.8899;3.8899
1;7.3913;10.348;12.1493;6.4327;8.6356;9.8548;9.6138;6.9004
1;6.8553;6.9593;6.9746;6.4357;6.6175;6.6523;7.0263;6.6942
1;14.0992;14.391;14.8495;12.767;13.9664;14.4166;14.9821;14.5481
1;8.8066;8.3494;9.2505;6.9294;7.8603;7.9138;8.6869;8.6685
1;8.6892;8.7016;9.0346;8.2165;8.4176;8.6312;9.0033;8.538
1;7.8198;7.8804;8.7763;6.6651;8.1275;7.4474;7.4489;6.7002
1;8.1586;8.2562;9.0742;6.9882;7.4513;7.5826;7.9249;8.0758
1;6.9143;6.9249;6.944;6.2352;6.7867;6.6309;6.9234;6.5678
1;16.3373;22.3704;22.2032;14.0937;18.849;18.139;18.635;16.1122
1;4.8804;4.8618;4.8047;4.6172;4.7414;4.7841;4.8545;4.7891
1;7.952;8.4211;7.6562;7.7267;7.7244;7.8716;7.589;6.6296
1;7.8268;7.9195;9.051;6.7213;8.4023;7.1089;7.1656;6.6354
1;10.0527;10.1188;9.976;8.8314;9.6123;9.6115;9.6359;8.5865
1;6.6179;6.4997;6.2043;5.7772;6.3195;7.5367;6.6469;5.4398
1;11.562;11.7157;12.017;8.8844;12.0517;12.1618;12.7307;10.088
1;11.5834;12.0525;12.5982;9.4005;10.6476;11.5252;11.9754;10.2414
1;7.951;8.3605;9.0932;7.1122;8.7739;7.6188;7.369;7.0099
1;14.1671;12.5406;9.0895;8.0713;8.1882;10.1835;7.882;6.8968
1;4.0239;4.2996;5.9684;3.5598;3.613;3.6411;3.8179;4.8418
1;8.8587;8.8738;8.4923;7.529;8.7392;9.8021;8.475;6.2156
1;5.4959;5.474;5.1004;4.5783;4.938;4.6274;4.7545;4.4249
1;3.4631;3.4814;3.3858;3.0947;3.3018;3.4841;3.3512;3.1124
1;11.0492;11.3548;12.6532;10.7103;10.7979;10.315;13.5799;12.1921
1;4.0766;4.085;4.0009;3.4648;3.9475;3.7155;3.8898;3.6225
1;8.4549;8.664;8.2898;7.3982;8.6332;8.024;9.5075;6.0215
1;21.0277;19.8505;21.5133;18.1054;19.1795;20.7582;23.4198;14.1195
1;8.3004;8.2482;8.0766;7.3915;7.9935;7.8042;8.1045;7.5407
1;3.3554;3.3642;3.2939;3.0085;3.2081;3.125;3.1983;3.0107
1;8.8876;8.8345;8.7483;7.9261;8.5952;8.5719;8.7241;8.1262
1;6.1574;6.5649;3.8473;4.4446;5.4833;4.079;3.0393;2.7235
1;4.1999;4.1738;4.1403;3.7387;4.1531;3.9963;4.1051;3.7512
1;3.8851;3.8854;3.8417;3.4921;3.8402;3.6321;3.7923;3.5644
1;6.6132;6.4938;6.4316;6.0531;6.5279;6.5685;6.5696;6.3068
1;7.3481;7.5201;6.3607;5.9933;7.0769;6.4124;6.0604;5.8008
1;5.9748;5.9915;5.6325;5.537;6.3422;6.401;7.0898;4.6952
1;11.6672;17.0463;19.2691;13.9673;20.217;18.3142;21.6811;14.1053
1;17.3949;18.8938;18.4495;15.2953;19.0039;18.1921;19.0193;14.3428
1;5.4864;5.7962;6.022;5.2537;5.9497;5.8489;6.0001;1.6806
1;7.6685;7.6588;7.5632;6.5598;7.6053;7.8239;7.6516;6.5025
1;11.1446;10.7327;11.6678;8.5405;10.9735;10.9574;11.1529;9.2761
1;7.2208;7.2547;7.2616;6.5889;7.0122;7.2597;7.2849;6.5472
1;12.0104;12.1396;10.9063;9.7503;11.4232;12.1433;11.7998;0.4463
1;4.5754;4.5775;4.6326;4.4355;4.5874;4.6096;4.5989;4.261
1;7.7691;7.9529;7.156;6.3862;7.0935;8.0152;7.1971;5.8756
1;11.8798;12.758;19.4198;10.2954;23.7219;8.6493;22.6937;19.8234
1;8.6801;8.7314;8.3874;7.4319;8.3712;8.8198;8.7462;3.4609
1;8.3683;8.4726;7.6334;6.353;7.9547;8.5275;8.096;6.2226
1;8.0516;8.4513;10.5378;8.9683;10.4831;10.4815;10.385;0.9675
1;6.5152;6.5969;6.9832;6.2309;5.9472;6.438;6.5271;6.9041
1;5.3423;5.4509;5.3483;5.066;4.9429;5.0682;5.1768;4.8927
1;8.666;8.7746;8.644;7.9645;8.4904;8.7169;8.1527;8.1329
1;8.7771;9.2693;9.5899;8.594;8.4815;8.9764;9.174;9.3561
1;10.4009;10.2026;10.44;9.4897;9.6671;9.9117;9.7397;9.4924
1;9.9469;9.7475;9.6575;8.6599;9.4392;9.4119;9.4058;8.8965
1;7.7068;8.2823;9.2181;8.1653;7.6263;8.3343;8.4975;10.8579
1;6.7985;6.2598;6.3717;5.6737;6.2823;6.5493;6.5039;6.8613
1;10.4763;10.8641;11.4297;8.3527;10.7551;10.9201;11.005;8.8885
1;2.6892;2.9661;2.573;2.2468;2.555;2.5175;2.321;2.1918
1;2.0528;2.1012;1.8976;1.6318;1.9059;1.8093;1.7233;1.6231
1;2.8129;2.9217;2.6924;2.4013;2.688;2.6384;2.4646;2.3059
1;2.7262;2.8444;2.6012;2.2421;2.6075;2.5405;2.3424;2.2136
1;7.1175;6.5997;6.1427;5.4257;7.1854;7.3535;7.232;4.3219
1;10.3149;10.9534;9.9242;9.4796;10.72;10.9644;10.2464;9.1824
1;11.1932;11.7611;11.5958;10.6587;12.1042;12.6121;12.629;10.7668
1;13.0843;13.1421;12.2197;10.2648;13.4463;12.7397;12.335;9.6407
1;13.8872;13.3197;13.7917;11.103;13.9139;14.0424;14.3254;10.4482
1;8.9382;9.4539;8.557;7.7573;9.3993;9.721;9.5061;7.2788
1;8.0982;7.4259;6.6743;5.7349;7.7976;7.696;6.3285;5.137
1;5.7706;5.8535;5.5282;4.6578;5.8366;5.7926;7.5438;4.2736
1;9.2157;9.9286;8.9823;8.5132;10.3112;9.2991;10.0935;8.4788
1;10.3801;9.6996;8.9432;8.0288;9.058;9.2279;7.5639;6.8476
1;8.0045;7.8964;7.9726;6.9634;8.0677;8.0585;8.1466;7.3193
1;5.8986;5.8939;5.9752;5.1795;5.9806;5.9503;6.0799;5.4967
1;7.2543;6.8822;6.3421;5.6454;5.96;6.707;5.9201;5.4145
1;11.0526;9.9147;10.9294;9.4791;11.4736;11.2048;11.366;8.9937
1;18.4123;16.6509;16.0596;12.561;17.6682;17.8773;18.4073;9.5113
1;12.9734;12.5803;11.8622;10.0747;13.7518;13.7385;13.5844;8.8567
1;11.8984;11.6507;11.0631;9.2139;12.8825;12.8291;12.3163;7.8636
1;10.4355;10.3303;10.8627;8.5906;11.3121;11.7473;11.69;8.085
1;12.7028;12.9124;11.6297;10.0995;13.4321;11.0699;11.8716;8.7699
1;9.9353;10.4373;9.4688;8.0333;10.5244;10.7985;11.9438;6.8649
1;8.1066;7.7006;6.9528;6.1437;6.7278;4.7805;4.2048;3.087
1;10.9427;10.6887;10.7843;9.0854;9.7872;9.3211;10.8745;9.7429
1;6.026;6.0383;6.297;6.084;6.0935;5.6024;6.5149;6.2357
1;13.6967;14.1418;13.8006;12.4179;13.8658;12.2361;12.6413;10.9951
1;7.6997;7.6725;8.2347;5.6222;7.5809;7.5142;8.3247;7.2552
1;10.4959;10.1699;9.4958;8.3657;10.2273;10.645;9.7556;7.8969
1;9.2045;9.1283;8.8367;7.9954;9.4953;9.0272;9.2474;3.1139
1;10.4491;10.6104;10.2434;8.9201;11.0216;10.5574;10.553;8.0847
1;10.1451;10.3932;10.2451;8.5377;10.5166;10.5345;10.5416;8.153
1;16.6349;15.7072;14.9245;12.1042;15.2437;16.1372;15.6883;11.7348
1;9.6981;10.1166;9.7049;8.3269;10.2212;10.7633;10.313;7.7579
1;12.4323;12.1812;10.7091;9.7198;12.2776;10.672;11.0001;7.8263
1;13.4236;13.4605;12.0501;10.6719;13.5987;11.9576;12.638;9.6568
1;11.4854;11.5359;11.2898;10.8533;10.4902;10.7484;11.3739;10.8417
1;11.3775;11.5599;11.4558;10.107;10.9965;11.2835;11.8522;11.3248
1;8.1628;8.0633;8.4968;7.0227;7.0659;8.0357;9.1148;10.6633
1;3.0635;3.2816;3.3346;2.9393;3.0791;3.0744;3.0071;3.2189
1;18.7151;17.0536;16.3054;12.6877;18.1679;18.3613;19.3033;9.9394
1;9.7089;9.7435;9.3068;8.1315;10.0626;9.6442;9.6471;7.3952
1;11.6179;11.0007;11.0546;9.1516;11.8459;11.9687;12.2673;9.076
1;8.1865;8.7408;8.1865;8.1388;9.9784;10.1251;10.0297;8.0525
1;10.927;10.5494;9.7817;9.0234;10.2949;10.8179;8.6817;7.9455
1;7.5095;8.2487;8.9653;7.8324;7.4147;7.7608;7.8044;7.3516
1;11.3552;11.5849;10.5694;9.6139;11.8554;12.2343;12.7558;7.7761
1;13.9297;14.5836;14.6903;10.8506;12.3822;13.1478;15.1086;0.6169
1;10.7769;11.1842;10.4904;8.7824;9.895;10.3235;9.5359;8.7149
1;5.7255;5.7333;5.7333;5.7333;5.7333;5.7333;5.7333;5.7333
1;19.0942;17.6995;17.3865;13.3183;18.2919;19.6174;19.4978;10.9722
1;6.3568;5.2527;5.6262;4.8992;6.0324;6.7249;6.0252;4.4724
1;9.9062;9.2206;10.8446;9.4308;11.8413;10.5305;10.4132;7.6482
1;17.5796;16.9929;17.4083;12.7087;16.5492;20.5236;18.4342;12.0887
1;8.6549;8.8326;8.5321;7.4915;8.6011;8.9198;8.8726;7.5293
1;10.1408;10.1689;10.3324;8.7898;10.1259;10.4152;10.448;9.1766
1;10.7011;10.7294;10.5257;10.6718;9.7514;9.5536;11.2951;11.3006
1;11.2081;10.7846;11.8712;8.2494;10.9055;10.9362;11.1496;9.2139
1;11.7986;12.006;11.5696;9.862;11.7971;12.2077;14.5446;9.6759
1;8.7902;8.759;8.4473;6.9363;10.2032;8.7334;7.7771;5.8781
1;7.6804;7.9251;7.5901;6.848;7.9432;8.125;7.9352;6.4061
1;7.597;7.5569;7.2203;6.5744;7.879;7.4004;7.5453;1.0118
1;12.9836;12.0114;11.4274;9.1094;13.054;13.3078;13.5449;0.9557
1;15.0482;14.3057;14.7723;11.8242;15.9741;15.9595;13.8113;10.5795
1;14.8377;14.3685;13.7669;12.1239;13.9179;14.6788;14.1951;11.2759
1;8.2592;8.4221;8.0526;6.592;8.9589;8.3213;7.5058;5.7604
1;8.2941;7.7829;7.9279;6.6621;8.694;9.2796;7.1772;5.6623
1;8.7957;8.1254;7.6868;6.6484;8.3048;7.762;7.4318;6.2613
1;13.0091;11.9333;12.4858;9.9311;12.3413;12.3992;12.6705;8.186
1;6.7897;7.2908;6.4846;6.174;6.7023;6.8754;6.8181;6.0638
1;9.7475;10.0082;9.1871;6.187;7.3931;7.3077;7.5982;6.4533
1;6.3478;6.3109;6.3632;5.8459;6.5846;6.3358;6.6073;5.9492
1;6.027;5.9792;5.8552;5.5402;5.9055;6.1505;5.8731;4.9905
1;7.9007;8.5793;7.8769;7.1622;8.2143;8.2541;8.0048;6.7135
1;3.4318;2.6532;3.7192;2.4915;6.4399;6.149;5.997;7.1318
1;5.7297;6.5423;6.9389;6.1845;6.7175;7.7695;6.4767;5.8829
1;10.7852;10.7325;9.5301;7.5039;10.3096;9.767;8.9215;6.6522
1;9.3003;8.9909;8.9035;7.3545;9.148;8.9373;8.8244;7.0008
1;9.5706;9.1101;9.0036;7.2818;9.2629;9.0316;8.8947;6.4886
1;7.977;7.9835;9.1085;7.334;10.7143;9.3331;9.2101;6.4009
1;7.2621;7.4001;7.3239;6.771;7.3593;7.2232;7.5307;7.0987
1;8.1587;8.1941;8.113;7.3693;7.8712;7.9539;8.0417;7.7369
1;6.9276;8.5162;7.0006;7.8449;6.1308;6.41;7.3085;8.6674
1;13.3578;13.228;11.9621;11.9693;12.9565;12.301;13.4798;0.8761
1;9.5122;9.5113;9.6456;8.7376;9.5235;9.5966;9.2652;9.1719
1;6.3926;5.931;7.0741;6.3097;6.9353;6.5182;7.457;7.29
1;9.7074;9.5317;11.2194;8.4644;9.7882;9.2576;9.9002;9.9862
1;6.0229;6.0092;5.8825;5.3868;5.8837;5.8651;5.9448;5.6581
1;14.1592;15.5256;15.0124;13.8444;13.7302;13.6544;14.4798;13.2262
1;16.4145;20.3917;13.4164;13.6723;16.7004;12.2401;12.0114;8.0311
1;7.8787;7.9279;7.8099;7.0301;7.6386;7.412;7.7114;7.2
1;9.3324;9.459;9.3991;8.4085;9.1369;8.9852;9.2666;8.5869
1;6.5545;7.4322;6.4162;5.9608;6.4346;6.2628;7.2849;7.9387
1;4.7393;4.8314;4.7415;4.4073;4.6439;4.4894;4.742;4.5366
1;6.5985;7.0392;6.1737;4.9796;6.7731;5.6402;4.6387;3.3883
1;9.3195;9.4683;8.7851;7.2594;10.0133;9.7692;8.8408;6.1629
1;10.1101;10.3748;9.898;7.7538;10.6096;10.7607;10.2064;6.5284
1;8.6169;10.0138;9.59;7.4117;9.0889;8.9102;9.7978;7.8177
1;11.0424;10.5174;10.2214;8.5381;10.3092;10.355;10.321;6.8748
1;7.4851;7.0179;6.9208;6.0324;6.8043;6.7494;7.1268;5.9379
1;5.8918;5.826;5.8761;5.2187;6.189;5.7772;6.2955;5.6002
1;1.568;1.5789;1.594;1.4307;1.4339;3.1908;2.9525;2.9529
1;2.8818;2.8628;2.8169;2.6615;2.7487;3.9098;4.266;4.017
1;3.1591;4.4246;4.1104;3.3109;4.9934;4.632;6.187;0.1059
1;5.1434;5.4638;4.6953;4.9819;4.7127;4.8302;4.8151;4.6354
1;4.0722;4.0752;4.1082;3.6419;4.1723;4.2223;4.2945;3.8112
1;5.2258;5.2018;5.3337;4.7328;5.338;5.3594;5.6061;4.9451
1;5.3645;5.3568;5.3528;4.8031;5.4847;5.9982;8.9004;8.3793
1;5.8483;5.8342;5.9999;5.2218;5.9609;6.0618;8.5718;7.9879
1;6.3644;6.3762;6.1362;5.414;6.1421;5.9577;6.266;5.5434
1;6.2889;6.174;6.4819;5.6545;6.4925;6.4907;6.8985;6.1117
